"user_id","tot_trip","valid_trip","invalid_trip","user_agent"
1,0,0,0,NULL
5,0,0,0,"iOS 12.2 iPad Air 2 iPad5,4 Apple"
7,25,14,11,"iOS 12.1 iPhone 6 iPhone7,2 Apple"
9,283,267,16,"iOS 12.1.4 iPhone 8 iPhone10,1 Apple"
10,104,93,11,"iOS 12.1.4 iPhone 8 iPhone10,4 Apple"
13,4,3,1,NULL
14,8,8,0,NULL
16,113,108,5,NULL
17,14,12,2,"Android 6.0 LG-H815 msm8992 LGE"
19,16,11,5,NULL
20,2,2,0,NULL
21,0,0,0,NULL
28,0,0,0,NULL
29,53,52,1,"iOS 12.2 iPhone SE iPhone8,4 Apple"
30,20,17,3,"Android 7.0 SM-A510F universal7580 samsung"
31,3,2,1,NULL
32,15,10,5,"Android 6.0 LENNY3 unknown WIKO"
33,2,1,1,"Android 9 BLA-L09 BLA HUAWEI"
34,81,64,17,"Android 8.1.0 Nexus 5X bullhead LGE"
36,3,0,3,NULL
37,34,29,5,"Android 8.0.0 ONEPLUS A3003 msm8996 OnePlus"
38,103,85,18,NULL
39,0,0,0,NULL
40,0,0,0,"iOS 12.2 iPhone 5s iPhone6,2 Apple"
41,0,0,0,NULL
42,17,16,1,"iOS 12.3 iPhone iPhone11,2 Apple"
43,0,0,0,NULL
45,0,0,0,NULL
46,32,28,4,NULL
47,0,0,0,NULL
48,0,0,0,NULL
49,4,4,0,NULL
50,563,532,31,"Android 9 ONEPLUS A6003 sdm845 OnePlus"
51,0,0,0,NULL
52,4,3,1,NULL
53,0,0,0,NULL
54,59,56,3,"Android 7.0 PRA-LX1 hi6250 HUAWEI"
55,0,0,0,NULL
56,0,0,0,NULL
57,0,0,0,NULL
58,15,14,1,NULL
59,385,336,49,"Android 7.1.1 SM-J510FN MSM8916 samsung"
60,0,0,0,NULL
61,0,0,0,NULL
62,598,540,58,"Android 6.0.1 ONE E1003 unknown OnePlus"
63,0,0,0,NULL
64,32,25,7,"Android 8.1.0 Mi Note 3 sdm660 Xiaomi"
65,0,0,0,NULL
66,106,104,2,"Android 6.0.1 SM-A500FU MSM8916 samsung"
67,0,0,0,NULL
68,0,0,0,NULL
69,758,736,22,"Android 9 ONEPLUS A6000 sdm845 OnePlus"
70,666,616,50,"Android 8.1.0 SM-J530F universal7870 samsung"
71,1,1,0,NULL
72,0,0,0,NULL
73,0,0,0,NULL
74,3,3,0,"iOS 12.2 iPhone 7 iPhone9,3 Apple"
75,0,0,0,NULL
76,0,0,0,NULL
77,0,0,0,NULL
78,2,0,2,NULL
79,0,0,0,NULL
80,2,1,1,NULL
81,1,1,0,NULL
82,1,1,0,NULL
83,2,2,0,NULL
84,715,625,90,"Android 8.0.0 ASUS_X00RD MSM8917 asus"
85,1,1,0,NULL
91,2,2,0,NULL
105,2,2,0,NULL
106,0,0,0,NULL
107,4,3,1,NULL
108,0,0,0,NULL
109,0,0,0,NULL
110,0,0,0,NULL
111,0,0,0,NULL
112,0,0,0,NULL
113,0,0,0,NULL
120,0,0,0,NULL
121,76,74,2,NULL
122,101,98,3,"Android 5.0 ASUS_Z00AD moorefield asus"
123,0,0,0,NULL
124,2,0,2,NULL
125,2,1,1,NULL
126,44,41,3,NULL
127,3,3,0,NULL
128,0,0,0,NULL
129,0,0,0,NULL
130,2,2,0,NULL
131,0,0,0,NULL
132,3,3,0,NULL
133,0,0,0,NULL
134,1,1,0,NULL
135,2,2,0,NULL
136,8,1,7,NULL
137,0,0,0,NULL
138,0,0,0,NULL
139,0,0,0,NULL
140,0,0,0,NULL
142,119,96,23,"Android 8.1.0 ONEPLUS A5000 msm8998 OnePlus"
143,9,5,4,NULL
144,0,0,0,NULL
145,0,0,0,NULL
146,0,0,0,NULL
147,0,0,0,NULL
148,0,0,0,NULL
149,53,53,0,NULL
150,0,0,0,NULL
151,0,0,0,NULL
152,1,0,1,NULL
153,0,0,0,NULL
154,0,0,0,NULL
155,62,59,3,"Android 9 SM-G950F universal8895 samsung"
156,0,0,0,NULL
166,2,1,1,NULL
167,1,1,0,NULL
168,0,0,0,NULL
170,356,314,42,"iOS 12.1.2 iPhone 8 Plus iPhone10,5 Apple"
171,0,0,0,NULL
172,0,0,0,NULL
173,27,23,4,"Android 6.0 EVA-L09 EVA-L09 HUAWEI"
174,0,0,0,NULL
175,297,266,31,"Android 8.0.0 ANE-LX1 ANE HUAWEI"
176,298,257,41,"Android 9 COR-L29 COR HUAWEI"
177,4,4,0,"iOS 12.1.4 iPhone iPhone11,8 Apple"
178,6,5,1,NULL
179,0,0,0,NULL
180,0,0,0,NULL
181,1,0,1,"iOS 12.2 iPhone 5s iPhone6,2 Apple"
182,15,12,3,NULL
183,0,0,0,NULL
184,6,6,0,NULL
185,0,0,0,NULL
186,0,0,0,NULL
187,3,2,1,NULL
188,0,0,0,NULL
189,0,0,0,NULL
190,0,0,0,NULL
191,0,0,0,NULL
192,1,1,0,NULL
193,0,0,0,NULL
194,0,0,0,NULL
196,0,0,0,NULL
197,1,1,0,NULL
198,0,0,0,NULL
199,4,4,0,"Android 8.1.0 Redmi 5 Plus msm8953 Xiaomi"
200,5,5,0,NULL
201,0,0,0,NULL
205,0,0,0,NULL
206,0,0,0,NULL
207,101,98,3,"iOS 12.2 iPhone 7 iPhone9,3 Apple"
208,7,6,1,"Android 8.0.0 SM-G935F universal8890 samsung"
209,0,0,0,NULL
210,4,3,1,NULL
211,438,415,23,"Android 8.0.0 MI 5 QC_Reference_Phone Xiaomi"
212,0,0,0,NULL
213,0,0,0,NULL
214,0,0,0,NULL
215,1,1,0,NULL
216,10,9,1,NULL
217,72,67,5,NULL
218,0,0,0,NULL
219,0,0,0,NULL
220,0,0,0,"Android 7.0 FRD-L09 FRD HUAWEI"
221,0,0,0,NULL
222,0,0,0,NULL
223,1,1,0,NULL
224,0,0,0,"iOS 12.2 iPhone 7 iPhone9,3 Apple"
225,0,0,0,NULL
226,328,239,89,"Android 6.0 ALE-L21 BalongV8R1SFT HUAWEI"
227,0,0,0,NULL
228,272,266,6,"Android 8.0.0 ASUS_Z017D msm8953 asus"
229,86,74,12,"Android 6.0 Redmi Note 4X unknown Xiaomi"
230,241,228,13,"iOS 12.2 iPhone X iPhone10,6 Apple"
231,0,0,0,NULL
232,0,0,0,NULL
233,0,0,0,NULL
234,0,0,0,NULL
235,20,17,3,NULL
236,0,0,0,NULL
237,693,542,151,"iOS 12.2 iPhone 8 iPhone10,4 Apple"
238,1,0,1,NULL
239,5,2,3,NULL
240,0,0,0,NULL
241,0,0,0,NULL
242,1,1,0,NULL
243,5,3,2,"Android 7.1.1 LG-M700 msm8937_32 LGE"
244,1,1,0,"iOS 12.3.1 iPhone SE iPhone8,4 Apple"
245,2,2,0,NULL
246,0,0,0,NULL
247,0,0,0,NULL
248,0,0,0,NULL
249,3,2,1,NULL
250,2,2,0,"Android 8.1.0 Nexus 5X bullhead LGE"
251,1,1,0,NULL
252,1,1,0,NULL
253,4,3,1,NULL
254,1,1,0,NULL
255,1,1,0,NULL
256,1,0,1,NULL
257,2,2,0,NULL
258,4,4,0,NULL
259,0,0,0,NULL
260,1,0,1,"Android 7.0 SM-J330F universal7570 samsung"
261,7,4,3,NULL
262,2,2,0,NULL
263,17,16,1,NULL
264,0,0,0,NULL
265,0,0,0,NULL
266,1,0,1,NULL
267,2,2,0,NULL
268,2,2,0,NULL
269,0,0,0,NULL
270,1,1,0,NULL
271,0,0,0,NULL
272,0,0,0,NULL
273,1,1,0,NULL
274,306,295,11,NULL
275,0,0,0,NULL
276,0,0,0,NULL
277,5,5,0,NULL
278,14,13,1,NULL
279,0,0,0,NULL
280,0,0,0,NULL
281,0,0,0,NULL
282,1,0,1,NULL
283,12,11,1,NULL
284,0,0,0,NULL
285,0,0,0,NULL
286,0,0,0,NULL
287,0,0,0,NULL
288,0,0,0,NULL
289,71,66,5,NULL
290,62,42,20,NULL
291,199,155,44,"iOS 12.3 iPhone 8 Plus iPhone10,5 Apple"
292,0,0,0,NULL
293,0,0,0,NULL
294,0,0,0,NULL
295,1,1,0,NULL
296,0,0,0,NULL
297,0,0,0,NULL
298,0,0,0,NULL
299,5,4,1,NULL
300,0,0,0,NULL
301,1,0,1,NULL
302,0,0,0,NULL
304,0,0,0,NULL
305,0,0,0,NULL
306,5,5,0,"Android 8.1.0 Redmi 5 Plus msm8953 Xiaomi"
307,0,0,0,NULL
308,0,0,0,NULL
309,0,0,0,NULL
310,2,1,1,NULL
311,0,0,0,NULL
312,4,4,0,NULL
313,0,0,0,NULL
314,23,22,1,NULL
315,0,0,0,NULL
316,0,0,0,NULL
317,0,0,0,NULL
318,0,0,0,NULL
319,0,0,0,NULL
320,25,19,6,NULL
321,0,0,0,NULL
322,0,0,0,NULL
323,0,0,0,NULL
324,0,0,0,NULL
326,3,3,0,"Android 8.0.0 MI 5s QC_Reference_Phone Xiaomi"
327,1,0,1,NULL
328,2,2,0,"Android 6.0.1 MotoG3 msm8916 motorola"
330,0,0,0,NULL
331,0,0,0,NULL
332,30,25,5,"Android 6.0 LG-K350 mt6735 LGE"
333,0,0,0,NULL
334,4,3,1,NULL
335,1,1,0,NULL
336,0,0,0,NULL
337,0,0,0,NULL
338,0,0,0,NULL
346,0,0,0,NULL
347,0,0,0,NULL
348,2,0,2,NULL
349,0,0,0,NULL
350,0,0,0,NULL
351,0,0,0,NULL
352,0,0,0,NULL
353,5,3,2,NULL
354,1,1,0,NULL
355,0,0,0,NULL
356,0,0,0,NULL
357,0,0,0,NULL
358,0,0,0,NULL
359,0,0,0,NULL
360,0,0,0,NULL
361,1,0,1,NULL
362,0,0,0,NULL
363,0,0,0,NULL
364,7,5,2,NULL
365,13,13,0,NULL
366,3,0,3,NULL
369,0,0,0,NULL
371,33,28,5,"Android 8.0.0 ANE-LX1 ANE HUAWEI"
374,7,7,0,NULL
375,0,0,0,NULL
376,14,6,8,NULL
377,0,0,0,NULL
378,0,0,0,NULL
379,308,42,266,"Android 7.0 HUAWEI VNS-L31 hi6250 HUAWEI"
380,266,235,31,"iOS 12.2 iPhone iPhone11,2 Apple"
381,0,0,0,NULL
382,0,0,0,NULL
383,0,0,0,NULL
384,1,0,1,NULL
385,31,31,0,NULL
386,0,0,0,NULL
387,0,0,0,NULL
388,5,2,3,NULL
389,0,0,0,NULL
391,0,0,0,NULL
392,317,285,32,"Android 9 TA-1004 MSM8998 HMD Global"
393,0,0,0,NULL
395,5,0,5,NULL
396,0,0,0,NULL
397,36,34,2,NULL
398,33,25,8,"Android 9 ONEPLUS A6003 sdm845 OnePlus"
399,0,0,0,NULL
400,1,1,0,NULL
401,940,860,80,"Android 6.0 E5533 unknown Sony"
402,1,0,1,NULL
403,0,0,0,NULL
404,0,0,0,NULL
405,0,0,0,NULL
406,0,0,0,"Android 7.0 EVA-L09 EVA-L09 HUAWEI"
408,0,0,0,NULL
409,0,0,0,NULL
410,3,1,2,NULL
411,9,7,2,NULL
412,4,4,0,NULL
413,0,0,0,NULL
414,0,0,0,NULL
415,1,1,0,NULL
416,4,4,0,"Android 8.0.0 SM-G930F universal8890 samsung"
417,0,0,0,NULL
418,0,0,0,NULL
419,276,252,24,"Android 9 ONEPLUS A6013 sdm845 OnePlus"
420,2,2,0,NULL
421,0,0,0,NULL
422,0,0,0,NULL
423,0,0,0,NULL
424,0,0,0,NULL
425,0,0,0,NULL
426,0,0,0,NULL
427,0,0,0,NULL
428,0,0,0,NULL
429,0,0,0,NULL
430,0,0,0,NULL
431,2,2,0,NULL
432,0,0,0,NULL
433,0,0,0,NULL
434,0,0,0,NULL
435,0,0,0,NULL
436,5,5,0,NULL
437,1,1,0,NULL
438,9,7,2,NULL
439,0,0,0,NULL
440,0,0,0,NULL
441,6,1,5,NULL
442,295,232,63,NULL
443,0,0,0,NULL
444,1,1,0,NULL
445,0,0,0,NULL
446,0,0,0,NULL
447,0,0,0,NULL
448,1,0,1,NULL
449,0,0,0,NULL
450,0,0,0,NULL
451,0,0,0,NULL
452,0,0,0,NULL
453,7,6,1,NULL
454,0,0,0,NULL
455,0,0,0,NULL
456,1,1,0,NULL
457,1,1,0,NULL
458,0,0,0,NULL
459,0,0,0,NULL
460,0,0,0,NULL
461,1,1,0,NULL
462,31,26,5,NULL
463,0,0,0,NULL
464,0,0,0,NULL
465,1,1,0,NULL
466,0,0,0,NULL
467,0,0,0,NULL
468,0,0,0,NULL
469,8,8,0,NULL
470,1,1,0,NULL
471,0,0,0,NULL
472,0,0,0,NULL
473,12,12,0,"Android 9 Aquaris X2 Pro sdm660 bq"
474,0,0,0,NULL
475,0,0,0,NULL
476,10,7,3,NULL
477,0,0,0,NULL
478,0,0,0,NULL
479,2,2,0,NULL
480,0,0,0,NULL
481,0,0,0,NULL
482,3,0,3,NULL
483,0,0,0,NULL
484,0,0,0,NULL
487,0,0,0,NULL
488,0,0,0,NULL
489,3,3,0,NULL
490,0,0,0,NULL
491,1,1,0,NULL
492,8,2,6,"iOS 12.1.4 iPhone 6 iPhone7,2 Apple"
493,0,0,0,NULL
494,0,0,0,NULL
495,0,0,0,NULL
496,0,0,0,"Android 9 ONEPLUS A6003 sdm845 OnePlus"
497,0,0,0,NULL
498,0,0,0,NULL
499,0,0,0,NULL
500,0,0,0,"iOS 12.2 iPhone 8 iPhone10,4 Apple"
501,0,0,0,NULL
502,0,0,0,NULL
503,0,0,0,NULL
504,0,0,0,NULL
505,9,5,4,NULL
506,0,0,0,NULL
507,19,16,3,NULL
508,0,0,0,NULL
509,0,0,0,NULL
510,0,0,0,NULL
511,1,1,0,NULL
512,0,0,0,NULL
513,1,0,1,NULL
514,0,0,0,NULL
515,111,103,8,"iOS 12.1.4 iPhone 8 iPhone10,4 Apple"
516,0,0,0,NULL
517,10,10,0,NULL
519,0,0,0,NULL
520,0,0,0,NULL
521,0,0,0,NULL
522,0,0,0,NULL
523,3,3,0,NULL
524,1,1,0,NULL
525,0,0,0,NULL
526,0,0,0,NULL
527,2,2,0,NULL
528,0,0,0,NULL
529,0,0,0,NULL
530,0,0,0,NULL
531,0,0,0,NULL
532,0,0,0,NULL
533,0,0,0,NULL
534,0,0,0,NULL
535,2,1,1,"iOS 12.1.4 iPhone 6 iPhone7,2 Apple"
536,2,0,2,NULL
537,0,0,0,NULL
538,3,3,0,NULL
539,23,23,0,"iOS 12.2 iPhone 7 iPhone9,3 Apple"
540,1,0,1,NULL
541,0,0,0,NULL
542,3,1,2,NULL
543,3,2,1,NULL
544,1,0,1,NULL
545,0,0,0,NULL
546,0,0,0,NULL
547,16,13,3,"Android 8.0.0 ONEPLUS A3003 msm8996 OnePlus"
548,4,2,2,NULL
549,0,0,0,"Android 9 SM-G960F universal9810 samsung"
550,16,13,3,NULL
551,0,0,0,NULL
552,2,2,0,NULL
553,39,35,4,"iOS 12.2 iPhone 6 iPhone7,2 Apple"
554,67,49,18,"iOS 12.2 iPhone iPhone11,8 Apple"
555,33,31,2,"Android 8.0.0 ANE-LX1 ANE HUAWEI"
556,0,0,0,NULL
557,0,0,0,NULL
558,1,0,1,NULL
559,0,0,0,NULL
560,0,0,0,NULL
561,0,0,0,NULL
562,0,0,0,NULL
563,679,608,71,"Android 9 POCOPHONE F1 sdm845 Xiaomi"
564,0,0,0,NULL
565,0,0,0,NULL
566,0,0,0,NULL
567,10,7,3,NULL
568,5,5,0,"Android 7.1.1 SM-A530F universal7885 samsung"
569,5,2,3,NULL
570,47,37,10,NULL
571,4,3,1,NULL
572,4,4,0,"iOS 11.4.1 iPhone SE iPhone8,4 Apple"
573,0,0,0,NULL
574,0,0,0,NULL
575,2,1,1,NULL
576,0,0,0,NULL
577,0,0,0,NULL
578,0,0,0,NULL
579,0,0,0,NULL
580,0,0,0,NULL
581,5,3,2,NULL
582,9,7,2,"iOS 12.2 iPhone SE iPhone8,4 Apple"
583,0,0,0,NULL
584,0,0,0,NULL
585,6,3,3,"Android 8.0.0 SM-G935F universal8890 samsung"
586,0,0,0,NULL
587,2,0,2,NULL
588,0,0,0,NULL
589,4,4,0,NULL
590,9,5,4,NULL
591,0,0,0,NULL
592,0,0,0,NULL
593,15,13,2,NULL
594,0,0,0,NULL
595,12,11,1,NULL
596,0,0,0,NULL
597,0,0,0,NULL
598,248,244,4,"iOS 12.2 iPhone 6 iPhone7,2 Apple"
599,2,2,0,NULL
600,4,4,0,NULL
601,8,5,3,NULL
602,0,0,0,NULL
603,0,0,0,NULL
604,0,0,0,NULL
605,1,1,0,NULL
606,0,0,0,NULL
607,0,0,0,NULL
608,0,0,0,NULL
609,2,2,0,NULL
610,7,1,6,"Android 9 SM-N950F universal8895 samsung"
611,0,0,0,NULL
612,0,0,0,NULL
620,7,5,2,NULL
622,0,0,0,NULL
623,0,0,0,NULL
624,43,35,8,"Android 9 COL-L29 COL HUAWEI"
625,0,0,0,NULL
626,0,0,0,NULL
627,0,0,0,NULL
628,6,6,0,NULL
629,0,0,0,NULL
630,0,0,0,NULL
631,0,0,0,NULL
632,7,7,0,NULL
633,1,0,1,NULL
635,6,4,2,NULL
636,0,0,0,NULL
637,0,0,0,NULL
638,0,0,0,NULL
639,0,0,0,NULL
640,4,4,0,NULL
641,3,2,1,NULL
642,0,0,0,NULL
643,1,0,1,NULL
644,57,57,0,NULL
645,0,0,0,NULL
646,8,8,0,NULL
647,0,0,0,NULL
648,1,1,0,NULL
649,0,0,0,NULL
650,0,0,0,NULL
651,0,0,0,NULL
652,0,0,0,NULL
653,0,0,0,NULL
654,4,4,0,NULL
655,23,23,0,NULL
656,0,0,0,NULL
658,0,0,0,NULL
659,0,0,0,NULL
660,2,2,0,NULL
661,1,0,1,NULL
662,0,0,0,NULL
663,1005,880,125,"Android 8.1.0 SM-J730F universal7870 samsung"
664,0,0,0,NULL
665,1,0,1,NULL
666,0,0,0,NULL
667,0,0,0,NULL
668,85,82,3,"iOS 12.2 iPhone 6 iPhone7,2 Apple"
669,0,0,0,NULL
670,0,0,0,NULL
671,0,0,0,NULL
672,13,12,1,NULL
673,0,0,0,NULL
674,0,0,0,NULL
675,0,0,0,NULL
676,0,0,0,NULL
677,0,0,0,NULL
678,0,0,0,NULL
679,0,0,0,NULL
680,0,0,0,NULL
681,0,0,0,NULL
682,25,18,7,"Android 8.0.0 SM-A520F universal7880 samsung"
683,0,0,0,NULL
684,0,0,0,NULL
685,0,0,0,NULL
686,32,24,8,NULL
687,8,7,1,NULL
688,0,0,0,NULL
689,0,0,0,NULL
690,0,0,0,NULL
691,0,0,0,NULL
692,4,4,0,NULL
693,4,4,0,NULL
694,0,0,0,NULL
695,0,0,0,NULL
696,1,0,1,NULL
697,0,0,0,NULL
698,0,0,0,NULL
699,1,1,0,NULL
700,0,0,0,NULL
701,0,0,0,NULL
702,0,0,0,NULL
704,32,31,1,NULL
705,0,0,0,NULL
706,0,0,0,NULL
707,0,0,0,NULL
708,116,107,9,"Android 9 LYA-L09 LYA HUAWEI"
709,41,41,0,NULL
710,0,0,0,NULL
711,0,0,0,NULL
712,0,0,0,NULL
713,0,0,0,NULL
714,1,0,1,NULL
715,17,15,2,NULL
716,0,0,0,NULL
717,0,0,0,NULL
718,228,214,14,"iOS 12.2 iPhone 6s iPhone8,1 Apple"
719,5,5,0,NULL
720,10,10,0,NULL
721,7,7,0,NULL
722,0,0,0,NULL
723,0,0,0,NULL
724,4,2,2,NULL
725,4,4,0,NULL
726,1,0,1,NULL
727,0,0,0,NULL
728,0,0,0,NULL
729,0,0,0,NULL
730,24,22,2,"Android 9 Nokia 8.1 SDM710 HMD Global"
731,0,0,0,NULL
732,0,0,0,NULL
733,618,598,20,"Android 8.0.0 SM-J330FN universal7570 samsung"
734,6,4,2,"Android 7.1.1 SM-J510FN MSM8916 samsung"
736,0,0,0,NULL
737,4,3,1,NULL
738,0,0,0,NULL
739,0,0,0,NULL
740,0,0,0,NULL
741,0,0,0,NULL
742,0,0,0,NULL
743,0,0,0,NULL
744,0,0,0,"iOS 12.2 iPhone SE iPhone8,4 Apple"
745,0,0,0,NULL
746,43,42,1,"Android 8.1.0 Nexus 5X bullhead LGE"
747,0,0,0,NULL
748,3,1,2,NULL
749,22,17,5,NULL
750,34,33,1,"Android 9 SM-A705FN sm6150 samsung"
751,0,0,0,NULL
752,0,0,0,NULL
753,0,0,0,NULL
754,0,0,0,NULL
755,2,1,1,NULL
756,2,0,2,NULL
757,0,0,0,NULL
758,0,0,0,NULL
759,0,0,0,NULL
760,0,0,0,NULL
761,0,0,0,NULL
762,1,0,1,NULL
763,5,4,1,NULL
764,0,0,0,NULL
765,0,0,0,NULL
766,0,0,0,NULL
767,3,3,0,NULL
768,0,0,0,NULL
769,2,2,0,NULL
770,2,2,0,NULL
771,0,0,0,NULL
772,0,0,0,NULL
773,0,0,0,NULL
774,0,0,0,NULL
775,8,8,0,"Android 9 HMA-L29 HMA HUAWEI"
776,6,6,0,NULL
777,0,0,0,NULL
778,1,1,0,NULL
779,0,0,0,NULL
780,3,2,1,NULL
781,1,1,0,NULL
782,4,2,2,NULL
783,2,0,2,NULL
784,0,0,0,NULL
785,0,0,0,NULL
786,20,18,2,NULL
787,2,2,0,NULL
788,0,0,0,NULL
789,0,0,0,NULL
790,0,0,0,NULL
791,0,0,0,NULL
792,0,0,0,NULL
793,1,1,0,NULL
794,217,215,2,"iOS 12.2 iPhone 6 iPhone7,2 Apple"
795,162,159,3,"iOS 12.1 iPhone 7 iPhone9,3 Apple"
796,0,0,0,NULL
797,0,0,0,NULL
798,0,0,0,NULL
799,2,0,2,NULL
800,0,0,0,NULL
801,22,20,2,NULL
802,2,1,1,NULL
803,0,0,0,NULL
804,0,0,0,NULL
805,8,7,1,NULL
806,0,0,0,NULL
807,1,1,0,"iOS 12.2 iPhone 8 iPhone10,4 Apple"
808,4,3,1,NULL
809,84,78,6,"Android 9 H8324 sdm845 Sony"
810,1,0,1,NULL
811,0,0,0,NULL
812,45,37,8,NULL
813,12,12,0,NULL
814,0,0,0,NULL
815,1,1,0,NULL
816,0,0,0,NULL
817,2,2,0,NULL
818,10,10,0,"iOS 12.2 iPhone 6 iPhone7,2 Apple"
819,2,2,0,NULL
820,0,0,0,NULL
821,0,0,0,NULL
822,3,2,1,NULL
823,0,0,0,NULL
824,0,0,0,NULL
825,2,2,0,NULL
826,0,0,0,NULL
827,0,0,0,NULL
828,0,0,0,NULL
829,0,0,0,NULL
830,0,0,0,NULL
831,4,4,0,NULL
832,0,0,0,NULL
833,0,0,0,NULL
834,0,0,0,NULL
835,0,0,0,NULL
836,0,0,0,NULL
837,0,0,0,"iOS 12.2 iPhone iPhone11,8 Apple"
838,2,2,0,NULL
839,50,32,18,"iOS 12.2 iPhone X iPhone10,6 Apple"
840,0,0,0,NULL
841,0,0,0,NULL
842,0,0,0,NULL
843,5,4,1,"Android 9 LYA-L29 LYA HUAWEI"
844,0,0,0,NULL
845,0,0,0,NULL
846,0,0,0,NULL
847,0,0,0,NULL
848,0,0,0,NULL
850,0,0,0,NULL
852,1,0,1,"Android 9 ONEPLUS A6013 sdm845 OnePlus"
853,2,1,1,NULL
854,0,0,0,NULL
855,11,8,3,NULL
856,7,7,0,"iOS 12.2 iPhone 7 Plus iPhone9,4 Apple"
857,0,0,0,NULL
858,0,0,0,NULL
859,0,0,0,"Android 8.1.0 Redmi Note 5 sdm636 Xiaomi"
860,0,0,0,NULL
861,0,0,0,NULL
862,0,0,0,NULL
863,2,2,0,NULL
864,1,1,0,NULL
865,0,0,0,NULL
866,0,0,0,NULL
867,0,0,0,NULL
868,0,0,0,NULL
869,0,0,0,NULL
870,12,12,0,NULL
871,0,0,0,NULL
872,0,0,0,NULL
873,0,0,0,NULL
874,0,0,0,NULL
875,10,10,0,"Android 8.1.0 SM-G610M universal7870 samsung"
876,0,0,0,NULL
877,0,0,0,NULL
878,0,0,0,NULL
879,0,0,0,NULL
880,0,0,0,NULL
881,0,0,0,NULL
882,0,0,0,NULL
883,0,0,0,NULL
884,0,0,0,NULL
885,0,0,0,NULL
886,0,0,0,NULL
887,0,0,0,NULL
888,0,0,0,NULL
889,0,0,0,NULL
890,0,0,0,NULL
891,0,0,0,NULL
892,0,0,0,NULL
893,4,4,0,NULL
894,0,0,0,NULL
895,95,76,19,NULL
897,0,0,0,NULL
898,0,0,0,NULL
899,2,2,0,NULL
900,6,5,1,NULL
901,2,1,1,NULL
902,1,1,0,NULL
903,1,0,1,NULL
904,0,0,0,NULL
905,0,0,0,NULL
906,0,0,0,NULL
907,1,0,1,"Android 8.0.0 SM-G930F universal8890 samsung"
908,0,0,0,NULL
909,0,0,0,NULL
910,392,298,94,"Android 8.0.0 ANE-LX1 ANE HUAWEI"
911,0,0,0,"Android 9 CLT-L29 CLT HUAWEI"
912,1,1,0,NULL
913,0,0,0,NULL
914,0,0,0,NULL
915,26,24,2,"Android 8.0.0 SM-A600FN universal7870 samsung"
916,0,0,0,NULL
917,0,0,0,NULL
918,0,0,0,NULL
919,0,0,0,NULL
920,0,0,0,NULL
921,0,0,0,NULL
922,0,0,0,NULL
923,1,1,0,"Android 8.1.0 INE-LX1 INE HUAWEI"
924,0,0,0,NULL
925,0,0,0,NULL
926,5,5,0,"Android 7.0 Redmi Note 4 msm8953 Xiaomi"
927,0,0,0,NULL
928,0,0,0,NULL
929,0,0,0,NULL
930,0,0,0,NULL
931,1,1,0,NULL
932,3,2,1,NULL
933,0,0,0,NULL
934,0,0,0,NULL
935,0,0,0,NULL
936,0,0,0,NULL
937,0,0,0,NULL
938,0,0,0,NULL
939,2,2,0,NULL
940,0,0,0,NULL
942,2,2,0,"Android 9 moto g(7) power msm8953 motorola"
943,1,1,0,NULL
944,31,24,7,NULL
945,0,0,0,NULL
946,0,0,0,NULL
947,0,0,0,NULL
948,0,0,0,NULL
949,2,2,0,NULL
950,0,0,0,NULL
951,0,0,0,NULL
952,0,0,0,NULL
953,0,0,0,NULL
954,1,1,0,NULL
956,0,0,0,NULL
957,0,0,0,NULL
958,0,0,0,NULL
959,1,1,0,NULL
960,0,0,0,NULL
961,0,0,0,NULL
962,1,1,0,NULL
963,0,0,0,NULL
964,0,0,0,NULL
965,0,0,0,NULL
966,0,0,0,NULL
967,0,0,0,NULL
968,0,0,0,NULL
969,6,5,1,NULL
970,0,0,0,NULL
971,3,3,0,NULL
972,1,1,0,NULL
973,1,1,0,NULL
974,0,0,0,NULL
975,0,0,0,NULL
976,0,0,0,NULL
977,0,0,0,NULL
978,2,2,0,NULL
979,0,0,0,NULL
980,0,0,0,NULL
981,0,0,0,NULL
982,13,11,2,NULL
983,0,0,0,NULL
984,0,0,0,NULL
985,40,38,2,NULL
987,0,0,0,NULL
988,0,0,0,NULL
989,0,0,0,NULL
990,0,0,0,NULL
991,0,0,0,NULL
992,0,0,0,NULL
993,0,0,0,NULL
994,0,0,0,NULL
995,0,0,0,NULL
996,6,6,0,NULL
997,53,51,2,"Android 8.0.0 SM-J600FN universal7870 samsung"
998,18,15,3,NULL
999,0,0,0,NULL
1000,0,0,0,NULL
1001,0,0,0,NULL
1002,3,2,1,"Android 7.1.2 View Prime V12BN WIKO"
1003,1,1,0,NULL
1004,0,0,0,NULL
1005,0,0,0,NULL
1006,0,0,0,NULL
1007,0,0,0,NULL
1008,0,0,0,NULL
1009,3,2,1,NULL
1010,0,0,0,NULL
1011,7,7,0,"Android 8.1.0 Redmi Note 6 Pro sdm636 Xiaomi"
1012,23,19,4,"iOS 12.3 iPhone iPhone11,6 Apple"
1013,0,0,0,NULL
1014,18,17,1,"Android 8.0.0 SM-G935F universal8890 samsung"
1015,2,1,1,"Android 7.0 SM-G928F universal7420 samsung"
1016,0,0,0,NULL
1017,0,0,0,NULL
1018,45,45,0,NULL
1019,0,0,0,NULL
1020,0,0,0,NULL
1021,2,2,0,NULL
1022,0,0,0,"Android 8.0.0 ANE-LX1 ANE HUAWEI"
1023,0,0,0,NULL
1024,0,0,0,NULL
1025,0,0,0,"iOS 12.2 iPhone 7 iPhone9,3 Apple"
1026,0,0,0,NULL
1027,2,2,0,NULL
1028,10,10,0,NULL
1029,0,0,0,NULL
1030,1,1,0,NULL
1031,0,0,0,NULL
1032,5,4,1,NULL
1033,10,10,0,NULL
1034,0,0,0,NULL
1035,0,0,0,NULL
1036,0,0,0,NULL
1037,0,0,0,NULL
1038,1,0,1,NULL
1039,0,0,0,NULL
1041,0,0,0,NULL
1042,0,0,0,NULL
1043,0,0,0,NULL
1044,0,0,0,NULL
1045,0,0,0,NULL
1046,0,0,0,NULL
1047,1,1,0,NULL
1048,0,0,0,NULL
1049,0,0,0,NULL
1050,0,0,0,NULL
1051,4,4,0,"Android 9 SM-N950F universal8895 samsung"
1052,0,0,0,NULL
1053,0,0,0,NULL
1054,0,0,0,NULL
1055,0,0,0,NULL
1056,0,0,0,NULL
1057,0,0,0,NULL
1058,0,0,0,NULL
1059,3,3,0,"iOS 12.2 iPhone 7 Plus iPhone9,4 Apple"
1060,0,0,0,NULL
1061,11,10,1,NULL
1062,0,0,0,NULL
1063,0,0,0,NULL
1064,0,0,0,NULL
1066,0,0,0,NULL
1067,0,0,0,NULL
1068,0,0,0,NULL
1069,2,2,0,NULL
1070,0,0,0,NULL
1071,1,1,0,NULL
1072,0,0,0,NULL
1073,0,0,0,NULL
1074,0,0,0,NULL
1075,0,0,0,NULL
1077,0,0,0,NULL
1078,0,0,0,NULL
1079,105,99,6,"iOS 12.2 iPhone 8 iPhone10,4 Apple"
1080,1,1,0,NULL
1081,0,0,0,NULL
1082,0,0,0,NULL
1083,0,0,0,NULL
1084,2,2,0,NULL
1085,0,0,0,NULL
1086,0,0,0,"Android 9 SM-G960F universal9810 samsung"
1087,0,0,0,NULL
1088,9,8,1,NULL
1089,0,0,0,NULL
1090,0,0,0,NULL
1091,0,0,0,NULL
1092,0,0,0,NULL
1093,0,0,0,NULL
1094,0,0,0,NULL
1095,0,0,0,NULL
1096,0,0,0,"iOS 12.2 iPhone 7 iPhone9,3 Apple"
1097,0,0,0,NULL
1098,0,0,0,NULL
1099,5,4,1,NULL
1100,2,0,2,NULL
1101,0,0,0,NULL
1102,63,60,3,"Android 8.0.0 STF-L09 STF HUAWEI"
1103,0,0,0,NULL
1104,0,0,0,NULL
1105,0,0,0,NULL
1106,0,0,0,NULL
1107,1,1,0,NULL
1108,0,0,0,NULL
1109,0,0,0,NULL
1110,0,0,0,NULL
1111,0,0,0,NULL
1112,0,0,0,NULL
1113,0,0,0,NULL
1114,2,1,1,NULL
1115,0,0,0,NULL
1116,3,2,1,NULL
1117,0,0,0,NULL
1118,0,0,0,NULL
1119,0,0,0,NULL
1120,0,0,0,NULL
1121,0,0,0,NULL
1122,2,2,0,NULL
1124,0,0,0,NULL
1125,0,0,0,"iOS 12.2 iPhone 7 iPhone9,3 Apple"
1126,0,0,0,NULL
1127,0,0,0,"Android 6.0.1 SM-A300FU MSM8916 samsung"
1128,0,0,0,NULL
1129,0,0,0,NULL
1130,0,0,0,NULL
1131,2,1,1,NULL
1132,0,0,0,NULL
1133,0,0,0,"Android 8.1.0 Aquaris X Pro msm8953 bq"
1134,0,0,0,NULL
1135,0,0,0,NULL
1136,0,0,0,NULL
1137,0,0,0,"iOS 12.3.1 iPhone X iPhone10,6 Apple"
1138,3,2,1,NULL
1139,0,0,0,NULL
1140,0,0,0,NULL
1142,0,0,0,NULL
1143,0,0,0,NULL
1144,1,1,0,NULL
1145,3,1,2,NULL
1146,0,0,0,NULL
1147,7,3,4,NULL
1148,0,0,0,NULL
1150,0,0,0,NULL
1151,0,0,0,NULL
1152,16,15,1,"iOS 12.2 iPhone 7 Plus iPhone9,4 Apple"
1153,0,0,0,NULL
1155,5,5,0,NULL
1157,1,1,0,NULL
1158,0,0,0,NULL
1159,3,3,0,NULL
1160,2,0,2,NULL
1161,0,0,0,NULL
1162,0,0,0,NULL
1163,0,0,0,NULL
1164,0,0,0,NULL
1165,0,0,0,NULL
1166,3,3,0,NULL
1167,0,0,0,NULL
1168,2,1,1,NULL
1169,5,5,0,NULL
1170,0,0,0,NULL
1171,0,0,0,NULL
1172,1,0,1,"iOS 12.2 iPhone X iPhone10,6 Apple"
1173,10,10,0,NULL
1174,0,0,0,NULL
1175,0,0,0,NULL
1176,0,0,0,NULL
1177,1,0,1,NULL
1178,0,0,0,NULL
1179,0,0,0,NULL
1180,2,0,2,NULL
1182,0,0,0,NULL
1183,0,0,0,NULL
1184,0,0,0,NULL
1185,0,0,0,"iOS 12.1 iPhone 8 iPhone10,4 Apple"
1187,0,0,0,"iOS 12.2 iPhone 6s iPhone8,1 Apple"
1188,0,0,0,NULL
1190,0,0,0,"iOS 12.2 iPhone 7 iPhone9,3 Apple"
1191,0,0,0,NULL
1192,0,0,0,NULL
1193,0,0,0,NULL
1194,0,0,0,NULL
1195,23,19,4,NULL
1196,17,10,7,"Android 9 ONEPLUS A6013 sdm845 OnePlus"
1197,0,0,0,NULL
1198,0,0,0,NULL
1199,0,0,0,NULL
1200,1,1,0,NULL
1201,0,0,0,"iOS 12.2 iPhone 7 iPhone9,3 Apple"
1202,23,18,5,NULL
1203,0,0,0,NULL
1204,63,60,3,"iOS 12.1 iPhone 8 iPhone10,4 Apple"
1205,0,0,0,NULL
1206,0,0,0,NULL
1207,1,0,1,NULL
1208,1,1,0,NULL
1209,109,93,16,"Android 7.1.1 Aquaris U Lite QC_Reference_Phone bq"
1210,0,0,0,NULL
1211,3,0,3,NULL
1212,3,2,1,"Android 9 ONEPLUS A6010 sdm845 OnePlus"
1213,0,0,0,NULL
1214,0,0,0,NULL
1215,4,0,4,NULL
1216,5,2,3,NULL
1217,19,17,2,"Android 8.1.0 Moto G (5) Plus msm8953 motorola"
1218,0,0,0,NULL
1219,6,5,1,NULL
1220,0,0,0,NULL
1221,0,0,0,NULL
1222,0,0,0,NULL
1223,0,0,0,NULL
1224,0,0,0,"Android 7.0 SM-G920F universal7420 samsung"
1225,1,1,0,"Android 7.1.2 FP2 FP2 Fairphone"
1226,0,0,0,"Android 7.1.2 FP2 FP2 Fairphone"
1227,0,0,0,NULL
1228,0,0,0,"Android 8.1.0 Moto Z3 Play sdm660 motorola"
1229,0,0,0,NULL
1230,27,27,0,"Android 6.0.1 ASUS_A007 zb501kl asus"
1231,7,4,3,NULL
1232,0,0,0,NULL
1233,0,0,0,NULL
1234,0,0,0,NULL
1235,4,3,1,NULL
1236,2,1,1,NULL
1237,0,0,0,NULL
1238,0,0,0,NULL
1239,0,0,0,NULL
1240,1,1,0,NULL
1241,2,0,2,NULL
1242,1,1,0,"Android 7.1.1 Moto G Play msm8916 motorola"
1243,0,0,0,NULL
1244,101,93,8,"iOS 12.1.4 iPhone 6s iPhone8,1 Apple"
1245,0,0,0,NULL
1246,0,0,0,NULL
1247,0,0,0,NULL
1248,2,2,0,NULL
1249,0,0,0,NULL
1250,2,0,2,"Android 8.1.0 SM-G610M universal7870 samsung"
1251,4,1,3,NULL
1252,0,0,0,NULL
1253,5,5,0,NULL
1254,0,0,0,NULL
1255,18,18,0,"Android 7.1.1 XT1562 msm8916 motorola"
1256,3,2,1,NULL
1257,3,3,0,NULL
1258,4,4,0,"iOS 12.3.1 iPhone 6 iPhone7,2 Apple"
1259,442,428,14,"iOS 12.1.4 iPhone 6s Plus iPhone8,2 Apple"
1260,0,0,0,NULL
1261,2,1,1,NULL
1262,194,137,57,"Android 8.0.0 moto e5 msm8937 motorola"
1263,0,0,0,NULL
1264,0,0,0,"iOS 12.0 iPhone iPhone11,2 Apple"
1265,0,0,0,NULL
1266,0,0,0,NULL
1267,0,0,0,NULL
1268,0,0,0,NULL
1269,57,49,8,"Android 7.0 XT1580 msm8994 motorola"
1270,0,0,0,NULL
1271,0,0,0,NULL
1272,0,0,0,NULL
1273,12,12,0,"Android 8.1.0 ASUS_X00LD msm8937 asus"
1274,3,3,0,"Android 8.0.0 SM-A720F universal7880 samsung"
1275,5,2,3,"Android 8.1.0 Moto G (5) Plus msm8953 motorola"
1276,115,93,22,"Android 8.1.0 Redmi Note 6 Pro sdm636 Xiaomi"
1277,0,0,0,NULL
1278,0,0,0,NULL
1279,4,3,1,NULL
1280,0,0,0,NULL
1281,0,0,0,NULL
1282,7,5,2,NULL
1283,1,0,1,"Android 7.1.1 Moto Z2 Play msm8953 motorola"
1284,2,1,1,"Android 6.0 HTC One_M8 MSM8974 HTC"
1285,6,5,1,NULL
1286,0,0,0,NULL
1287,15,15,0,"iOS 12.1.3 iPhone 6s iPhone8,1 Apple"
1288,0,0,0,NULL
1289,0,0,0,NULL
1290,0,0,0,NULL
1291,34,32,2,"iOS 12.2 iPhone 6 iPhone7,2 Apple"
1292,0,0,0,NULL
1293,1,1,0,NULL
1294,0,0,0,NULL
1295,0,0,0,NULL
1296,2,2,0,NULL
1297,16,8,8,NULL
1298,10,2,8,"Android 6.0 MotoG3 msm8916 motorola"
1299,0,0,0,NULL
1300,61,53,8,"iOS 12.3 iPhone iPhone11,2 Apple"
1301,0,0,0,NULL
1302,18,17,1,"Android 6.0.1 SM-A500FU MSM8916 samsung"
1303,229,178,51,"Android 8.0.0 SM-A520F universal7880 samsung"
1304,0,0,0,NULL
1305,19,19,0,"iOS 12.2 iPhone SE iPhone8,4 Apple"
1306,0,0,0,NULL
1307,1,1,0,NULL
1308,3,3,0,NULL
1309,109,103,6,"Android 8.0.0 PRA-LX1 hi6250 HUAWEI"
1310,18,18,0,NULL
1311,7,5,2,"Android 7.0 Tesla_SP9.1 L6195 Tesla"
1312,67,67,0,"Android 8.0.0 SM-J810M msm8953 samsung"
1313,0,0,0,NULL
1314,5,4,1,NULL
1315,0,0,0,NULL
1316,0,0,0,NULL
1317,1,1,0,NULL
1318,38,34,4,"Android 8.1.0 Redmi Note 5 sdm636 Xiaomi"
1319,25,21,4,"Android 8.0.0 WAS-LX1A hi6250 HUAWEI"
1320,1,1,0,"Android 8.0.0 WAS-LX1A hi6250 HUAWEI"
1321,0,0,0,NULL
1322,0,0,0,NULL
1323,11,10,1,NULL
1324,4,4,0,"Android 6.0.1 KIW-L21 KIW-L21 HUAWEI"
1325,0,0,0,NULL
1326,0,0,0,NULL
1327,0,0,0,NULL
1328,0,0,0,NULL
1329,1,1,0,NULL
1330,2,2,0,"Android 8.1.0 Redmi 5 Plus msm8953 Xiaomi"
1331,0,0,0,NULL
1332,0,0,0,NULL
1333,0,0,0,NULL
1334,1,0,1,"iOS 12.2 iPhone 8 Plus iPhone10,2 Apple"
1335,0,0,0,"iOS 12.2 iPhone X iPhone10,6 Apple"
1336,0,0,0,NULL
1337,0,0,0,NULL
1338,0,0,0,NULL
1339,3,3,0,NULL
1340,0,0,0,NULL
1341,0,0,0,NULL
1342,0,0,0,NULL
1343,0,0,0,NULL
1344,67,62,5,"Android 7.0 SM-G920F universal7420 samsung"
1345,3,3,0,"iOS 12.2 iPhone 6 iPhone7,2 Apple"
1346,0,0,0,"Android 8.0.0 SM-G935F universal8890 samsung"
1347,2,2,0,"Android 8.1.0 Moto G (5) msm8937 motorola"
1348,0,0,0,NULL
1350,1,1,0,"Android 8.0.0 SM-A320FL universal7870 samsung"
1354,8,4,4,NULL
1355,0,0,0,"Android 9 SM-G9600 sdm845 samsung"
1356,0,0,0,NULL
1357,9,4,5,"Android 6.0.1 SM-J500M MSM8916 samsung"
1358,0,0,0,NULL
1359,0,0,0,NULL
1360,0,0,0,NULL
1361,0,0,0,"Android 8.0.0 FIG-LX1 FIG-L31 HUAWEI"
1362,0,0,0,"Android 7.0 SM-G930F universal8890 samsung"
1363,2,2,0,"iOS 12.1.4 iPhone 6s iPhone8,1 Apple"
1364,0,0,0,NULL
1365,22,17,5,"Android 8.1.0 SM-J710F universal7870 samsung"
1366,1,1,0,"Android 8.0.0 SM-J600FN universal7870 samsung"
1367,3,2,1,"iOS 12.1.4 iPhone 7 iPhone9,3 Apple"
1368,0,0,0,NULL
1369,18,13,5,"Android 8.1.0 Redmi S2 ysl Xiaomi"
1370,0,0,0,NULL
1371,57,56,1,"iOS 12.2 iPhone 6s iPhone8,1 Apple"
1372,0,0,0,"iOS 12.2 iPhone 6s iPhone8,1 Apple"
1373,0,0,0,NULL
1374,1,1,0,NULL
1375,0,0,0,NULL
1376,0,0,0,NULL
1377,5,4,1,"Android 8.0.0 WAS-LX1A hi6250 HUAWEI"
1378,0,0,0,NULL
1379,0,0,0,NULL
1380,20,20,0,"iOS 12.2 iPhone 8 Plus iPhone10,5 Apple"
1381,0,0,0,NULL
1382,0,0,0,NULL
1383,0,0,0,"iOS 12.2 iPhone 6s iPhone8,1 Apple"
1384,6,6,0,"Android 8.0.0 SM-G935F universal8890 samsung"
1385,0,0,0,NULL
1386,0,0,0,NULL
1387,1,1,0,"iOS 12.1.4 iPhone 6s iPhone8,1 Apple"
1388,0,0,0,NULL
1389,0,0,0,"iOS 12.2 iPhone 7 iPhone9,3 Apple"
1391,41,31,10,"Android 9 BLA-L29 BLA HUAWEI"
1394,3,1,2,"Android 8.1.0 Redmi Note 6 Pro sdm636 Xiaomi"
1395,0,0,0,NULL
1396,0,0,0,"Android 8.1.0 SM-J710F universal7870 samsung"
1397,34,25,9,"iOS 12.2 iPhone 7 iPhone9,3 Apple"
1398,4,3,1,"iOS 12.2 iPhone 7 iPhone9,3 Apple"
1399,0,0,0,NULL
1400,0,0,0,NULL
1401,0,0,0,NULL
1402,12,11,1,"Android 8.0.0 SM-J330FN universal7570 samsung"
1403,0,0,0,"Android 8.0.0 ANE-LX1 ANE HUAWEI"
1404,10,8,2,"iOS 12.1.4 iPhone 6 iPhone7,2 Apple"
1405,20,12,8,"Android 9 CLT-L29 CLT HUAWEI"
1406,0,0,0,"iOS 12.2 iPhone 8 iPhone10,1 Apple"
1407,0,0,0,"iOS 12.2 iPhone 8 iPhone10,1 Apple"
1408,2,1,1,"Android 7.1.1 SM-J510FN MSM8916 samsung"
1409,0,0,0,"iOS 12.1.4 iPhone 7 Plus iPhone9,4 Apple"
1410,0,0,0,"Android 7.1.1 SM-J510FN MSM8916 samsung"
1411,0,0,0,NULL
1412,0,0,0,"iOS 12.2 iPhone 6s iPhone8,1 Apple"
1413,3,3,0,"iOS 12.2 iPhone 6 iPhone7,2 Apple"
1414,0,0,0,"Android 8.0.0 ANE-LX1 ANE HUAWEI"
1415,0,0,0,"Android 8.1.0 Moto G (5) msm8937 motorola"
1416,0,0,0,"iOS 11.4.1 iPhone 6s iPhone8,1 Apple"
1417,1,1,0,"Android 9 LYA-L29 LYA HUAWEI"
1418,2,2,0,"iOS 12.2 iPhone 5s iPhone6,2 Apple"
1419,0,0,0,"iOS 12.1.2 iPhone 7 iPhone9,3 Apple"
1420,0,0,0,"iOS 12.3 iPhone iPhone11,2 Apple"
1421,0,0,0,NULL
1422,0,0,0,"Android 7.0 HUAWEI VNS-L31 hi6250 HUAWEI"
1423,181,171,10,"iOS 11.4.1 iPhone SE iPhone8,4 Apple"
1424,0,0,0,NULL
1425,0,0,0,NULL
1426,0,0,0,NULL
1427,0,0,0,"Android 9 SM-G950F universal8895 samsung"
1428,0,0,0,NULL
1429,0,0,0,NULL
1430,49,46,3,"iOS 12.2 iPhone 7 iPhone9,3 Apple"
1431,0,0,0,NULL
1432,0,0,0,"Android 9 ONEPLUS A6013 sdm845 OnePlus"
1433,3,3,0,"Android 9 Nokia 9 SDM845 HMD Global"
1434,61,60,1,"iOS 12.1.4 iPhone SE iPhone8,4 Apple"
1435,0,0,0,"Android 8.1.0 Moto G (5) msm8937 motorola"
1436,0,0,0,NULL
1437,0,0,0,"iOS 12.1 iPhone 8 iPhone10,4 Apple"
1438,0,0,0,NULL
1439,0,0,0,NULL
1440,9,8,1,"Android 6.0 LG-H818 msm8992 LGE"
1441,0,0,0,"iOS 11.4.1 iPhone SE iPhone8,4 Apple"
1442,0,0,0,"Android 7.0 Lenovo P2a42 msm8953 LENOVO"
1443,0,0,0,"iOS 12.1.4 iPhone 7 iPhone9,1 Apple"
1444,0,0,0,NULL
1445,21,19,2,"iOS 12.2 iPhone 6s iPhone8,1 Apple"
1446,0,0,0,"Android 9 Mi A1 msm8953 Xiaomi"
1447,0,0,0,NULL
1448,0,0,0,NULL
1449,6,6,0,"iOS 12.3 iPhone iPhone11,2 Apple"
1450,0,0,0,"Android 8.0.0 WAS-LX1A hi6250 HUAWEI"
1451,0,0,0,"iOS 12.2 iPhone 7 iPhone9,3 Apple"
1452,0,0,0,NULL
1453,11,11,0,"iOS 12.2 iPhone 8 iPhone10,4 Apple"
1454,4,2,2,"Android 8.0.0 VTR-L09 VTR HUAWEI"
1455,0,0,0,"Android 7.0 BLN-L21 hi6250 HUAWEI"
1456,0,0,0,"Android 8.1.0 COR-L29 COR HUAWEI"
1457,0,0,0,"iOS 11.4.1 iPhone 6s iPhone8,1 Apple"
1458,0,0,0,NULL
1459,0,0,0,NULL
1460,2,1,1,"Android 5.0.1 LG-H320 unknown LGE"
1461,1,1,0,"Android 8.1.0 SM-J415FN msm8937 samsung"
1462,0,0,0,"iOS 12.1 iPhone 6s iPhone8,1 Apple"
1463,0,0,0,"iOS 12.2 iPhone SE iPhone8,4 Apple"
1464,0,0,0,NULL
1465,1,0,1,"Android 8.0.0 FIG-LX1 FIG-L31 HUAWEI"
1466,0,0,0,"Android 8.0.0 LDN-L01 LDN-L01 HUAWEI"
1467,130,123,7,"iOS 11.4 iPhone 6 iPhone7,2 Apple"
1468,0,0,0,"Android 8.1.0 Redmi Note 5 sdm636 Xiaomi"
1469,0,0,0,"Android 9 BLA-L09 BLA HUAWEI"
1470,13,12,1,"Android 9 Mi A2 sdm660 Xiaomi"
1471,30,30,0,"iOS 12.2 iPhone 6 iPhone7,2 Apple"
1472,0,0,0,"iOS 12.1.4 iPhone 6 iPhone7,2 Apple"
1473,0,0,0,"Android 8.0.0 SM-A320FL universal7870 samsung"
1474,2,1,1,"Android 6.0 LG-H815 msm8992 LGE"
1475,0,0,0,NULL
1476,4,2,2,"Android 8.0.0 ANE-LX1 ANE HUAWEI"
1477,0,0,0,"Android 8.0.0 FIG-LX1 FIG-L11 HUAWEI"
1478,0,0,0,NULL
1479,0,0,0,NULL
1480,0,0,0,"Android 6.0 ALE-L21 BalongV8R1SFT HUAWEI"
1481,1,1,0,"Android 7.0 SM-A520F universal7880 samsung"
1482,0,0,0,"iOS 12.2 iPhone 8 Plus iPhone10,5 Apple"
1483,1,1,0,"Android 8.0.0 WAS-LX1A hi6250 HUAWEI"
1484,0,0,0,"iOS 12.2 iPhone SE iPhone8,4 Apple"
1485,106,88,18,"Android 5.1.1 HUAWEI SCL-L21 SCL-L21 HUAWEI"
1486,27,26,1,"Android 8.1.0 SM-M205FN universal7885 samsung"
1487,0,0,0,"iOS 12.1 iPhone 6 iPhone7,2 Apple"
1488,0,0,0,NULL
1489,8,6,2,"Android 5.1.1 SM-T285M SC9830I samsung"
1490,2,0,2,"Android 7.0 BG2-U01 sp7731gea_hdr HUAWEI"
1492,1,0,1,"iOS 11.4.1 iPhone 6s iPhone8,1 Apple"
1493,0,0,0,"Android 9 SM-G960F universal9810 samsung"
1494,0,0,0,"Android 6.0 ALE-L21 BalongV8R1SFT HUAWEI"
1495,3,3,0,"iOS 12.2 iPhone 6s iPhone8,1 Apple"
1496,0,0,0,"iOS 12.2 iPhone SE iPhone8,4 Apple"
1497,0,0,0,NULL
1498,1,1,0,"Android 6.0.1 ONE A2003 msm8994 OnePlus"
1499,0,0,0,"iOS 12.2 iPhone 6 iPhone7,2 Apple"
1500,8,6,2,"iOS 12.1.4 iPhone 8 iPhone10,4 Apple"
1501,0,0,0,NULL
1502,31,25,6,"iOS 12.2 iPhone iPhone11,2 Apple"
1503,11,8,3,"iOS 11.2.6 iPhone 7 iPhone9,1 Apple"
1504,2,0,2,"Android 8.1.0 SM-J530F universal7870 samsung"
1505,32,26,6,"Android 8.1.0 Redmi 5 Plus msm8953 Xiaomi"
1506,0,0,0,"Android 7.0 SM-G920F universal7420 samsung"
1507,0,0,0,NULL
1508,0,0,0,NULL
1509,0,0,0,"iOS 11.2.5 iPhone 5s iPhone6,2 Apple"
1510,0,0,0,"iOS 12.2 iPhone 7 Plus iPhone9,2 Apple"
1512,0,0,0,"iOS 12.2 iPhone 8 iPhone10,1 Apple"
1513,0,0,0,"Android 9 ONEPLUS A6003 sdm845 OnePlus"
1514,0,0,0,NULL
1515,0,0,0,NULL
1516,8,8,0,"Android 9 Mi A1 msm8953 Xiaomi"
1517,0,0,0,"iOS 12.2 iPhone X iPhone10,6 Apple"
1518,2,0,2,"iOS 12.2 iPhone SE iPhone8,4 Apple"
1519,0,0,0,"Android 8.0.0 WAS-LX1A hi6250 HUAWEI"
1520,22,21,1,"iOS 12.2 iPhone 7 iPhone9,1 Apple"
1521,9,7,2,"iOS 12.2 iPhone 6 iPhone7,2 Apple"
1522,0,0,0,NULL
1523,3,3,0,"Android 7.1.2 Redmi 5 msm8953 Xiaomi"
1524,0,0,0,NULL
1525,0,0,0,NULL
1526,0,0,0,NULL
1527,0,0,0,NULL
1528,0,0,0,NULL
1529,26,19,7,"iOS 12.2 iPhone 7 iPhone9,3 Apple"
1530,0,0,0,"Android 8.0.0 SM-A320FL universal7870 samsung"
1531,2,2,0,"iOS 12.2 iPhone 6 Plus iPhone7,1 Apple"
1532,1,1,0,"iOS 12.2 iPhone 6 iPhone7,2 Apple"
1533,1,1,0,"iOS 12.2 iPhone X iPhone10,6 Apple"
1534,191,183,8,"Android 7.0 HUAWEI VNS-L31 hi6250 HUAWEI"
1535,0,0,0,"Android 8.0.0 RNE-L21 RNE HUAWEI"
1536,114,55,59,"Android 6.0 LENNY3 MAX unknown WIKO"
1537,0,0,0,NULL
1538,0,0,0,NULL
1539,0,0,0,"Android 7.0 SM-G925F universal7420 samsung"
1540,48,48,0,"iOS 12.2 iPhone 6 iPhone7,2 Apple"
1541,0,0,0,NULL
1542,1,0,1,"iOS 12.3 iPhone iPhone11,2 Apple"
1544,0,0,0,"iOS 12.2 iPhone 7 iPhone9,3 Apple"
1545,0,0,0,"iOS 12.2 iPhone 7 iPhone9,3 Apple"
1546,0,0,0,NULL
1547,2,2,0,"iOS 12.2 iPhone 6 iPhone7,2 Apple"
1548,0,0,0,"Android 5.0.1 HUAWEI GRA-L09 GRA-L09 HUAWEI"
1549,0,0,0,"Android 8.0.0 AUM-L29 AUM-L29 HUAWEI"
1550,0,0,0,NULL
1551,0,0,0,"iOS 12.0.1 iPhone 8 iPhone10,4 Apple"
1552,2,2,0,"Android 8.1.0 SM-J710F universal7870 samsung"
1553,15,15,0,"Android 9 STF-L09 STF HUAWEI"
1554,0,0,0,NULL
1555,0,0,0,"Android 7.0 HUAWEI VNS-L31 hi6250 HUAWEI"
1556,0,0,0,"iOS 12.2 iPhone 6s iPhone8,1 Apple"
1557,1,0,1,NULL
1558,132,123,9,"Android 7.0 9008D mt6737m TCL"
1559,182,120,62,"Android 8.1.0 TA-1032 MT6737 HMD Global"
1560,0,0,0,NULL
1561,0,0,0,NULL
1562,85,73,12,"Android 8.0.0 LG-H850 msm8996 LGE"
1563,51,34,17,"Android 6.0 ALE-L21 BalongV8R1SFT HUAWEI"
1564,12,8,4,"iOS 12.2 iPhone 6s iPhone8,1 Apple"
1565,1,1,0,"Android 9 BKL-L09 BKL HUAWEI"
1566,3,1,2,"Android 8.0.0 LG-H870 msm8996 LGE"
1567,2,2,0,"iOS 12.2 iPhone 5s iPhone6,1 Apple"
1568,98,93,5,"Android 8.0.0 LG-H850 msm8996 LGE"
1569,0,0,0,"Android 7.0 LG-M250 mt6755 LGE"
1570,0,0,0,"iOS 12.2 iPhone 6s Plus iPhone8,2 Apple"
1571,2,2,0,"iOS 12.2 iPhone 8 iPhone10,1 Apple"
1572,0,0,0,NULL
1573,3,2,1,"Android 6.0.1 SM-A300FU MSM8916 samsung"
1574,0,0,0,NULL
1575,0,0,0,"Android 8.0.0 BND-L21 BND-L21C HUAWEI"
1576,19,16,3,"Android 7.0 FRD-L09 FRD HUAWEI"
1577,0,0,0,"Android 6.0.1 SM-J500FN MSM8916 samsung"
1578,6,6,0,"iOS 12.2 iPhone 6 iPhone7,2 Apple"
1579,5,0,5,"iOS 11.4.1 iPhone SE iPhone8,4 Apple"
1580,66,66,0,"iOS 12.2 iPhone 7 iPhone9,3 Apple"
1581,0,0,0,"Android 8.0.0 SM-A520F universal7880 samsung"
1582,0,0,0,"Android 8.0.0 VTR-L09 VTR HUAWEI"
1583,0,0,0,"Android 9 POT-LX1 POT-L21 HUAWEI"
1584,19,16,3,"Android 7.0 MEIZU M6 M6 Meizu"
1585,0,0,0,NULL
1586,37,37,0,"iOS 11.3 iPhone SE iPhone8,4 Apple"
1587,0,0,0,NULL
1588,0,0,0,"Android 8.1.0 SNE-LX1 SNE HUAWEI"
1589,0,0,0,NULL
1590,0,0,0,"Android 5.1.1 HUAWEI CRR-L09 CRR-L09 HUAWEI"
1591,0,0,0,"Android 9 BLA-L09 BLA HUAWEI"
1592,2,0,2,"Android 9 SM-G960F universal9810 samsung"
1593,71,66,5,"Android 6.0 Shoot_1 t586_dg_a56_37t36 DOOGEE"
1594,0,0,0,"iOS 12.2 iPhone 6 iPhone7,2 Apple"
1595,1,1,0,NULL
1596,0,0,0,"Android 8.0.0 SM-G935F universal8890 samsung"
1598,0,0,0,NULL
1599,1,0,1,"Android 8.0.0 PRA-LX1 hi6250 HUAWEI"
1600,1,0,1,"Android 9 Mi A2 Lite msm8953 Xiaomi"
1601,2,2,0,"Android 7.0 NEM-L51 hi6250 HUAWEI"
1602,16,16,0,"iOS 12.2 iPhone 7 iPhone9,3 Apple"
1603,24,22,2,"iOS 12.3 iPhone 7 iPhone9,3 Apple"
1604,2,1,1,"iOS 12.2 iPhone 8 iPhone10,4 Apple"
1605,5,0,5,"iOS 12.1.4 iPhone 6s iPhone8,1 Apple"
1606,9,0,9,"iOS 12.2 iPhone 7 iPhone9,3 Apple"
1607,63,61,2,"Android 8.1.0 LG-M250 mt6755 LGE"
1608,0,0,0,"iOS 12.2 iPhone 7 iPhone9,3 Apple"
1609,0,0,0,"Android 8.1.0 Redmi Note 5 sdm636 Xiaomi"
1610,0,0,0,"iOS 12.2 iPhone 6 iPhone7,2 Apple"
1611,0,0,0,"Android 7.0 SM-G928F universal7420 samsung"
1612,0,0,0,NULL
1613,0,0,0,"iOS 12.2 iPhone iPhone11,2 Apple"
1614,11,9,2,"Android 9 Pixel 3 blueline Google"
1615,0,0,0,"Android 7.0 EVA-L09 EVA-L09 HUAWEI"
1616,48,47,1,"Android 5.1.1 SM-J320FN SC9830I samsung"
1617,21,21,0,"Android 7.0 BLN-L21 hi6250 HUAWEI"
1618,1,0,1,NULL
1619,0,0,0,"Android 8.0.0 RNE-L21 RNE HUAWEI"
1620,2,2,0,"Android 9 SM-G950F universal8895 samsung"
1621,0,0,0,"Android 8.0.0 WAS-LX1A hi6250 HUAWEI"
1622,0,0,0,"iOS 11.3.1 iPhone 7 iPhone9,3 Apple"
1623,0,0,0,NULL
1624,0,0,0,"Android 8.0.0 SM-A520F universal7880 samsung"
1625,12,8,4,"iOS 12.2 iPhone 6s iPhone8,1 Apple"
1626,0,0,0,"Android 8.0.0 PRA-LX1 hi6250 HUAWEI"
1627,10,10,0,"Android 8.0.0 LLD-L31 LLD-L31A HUAWEI"
1628,0,0,0,NULL
1629,0,0,0,NULL
1630,10,9,1,"Android 5.0 ASUS_Z00AD moorefield asus"
1631,0,0,0,"Android 8.1.0 SNE-LX1 SNE HUAWEI"
1632,133,127,6,"Android 8.1.0 SNE-LX1 SNE HUAWEI"
1633,0,0,0,"iOS 12.2 iPhone 6s iPhone8,1 Apple"
1634,0,0,0,NULL
1635,5,4,1,"iOS 12.2 iPhone 6s iPhone8,1 Apple"
1636,0,0,0,"Android 7.1.1 SM-J510FN MSM8916 samsung"
1637,0,0,0,NULL
1638,15,12,3,"Android 8.1.0 ASUS_X00TD sdm660 asus"
1639,0,0,0,NULL
1640,0,0,0,"Android 9 SM-N950F universal8895 samsung"
1641,0,0,0,NULL
1642,0,0,0,"Android 9 H8324 sdm845 Sony"
1643,0,0,0,NULL
1644,0,0,0,"Android 8.0.0 SM-A520F universal7880 samsung"
1645,0,0,0,NULL
1646,7,7,0,"iOS 12.3.1 iPhone SE iPhone8,4 Apple"
1647,10,10,0,"iOS 12.2 iPhone iPhone11,8 Apple"
1648,120,112,8,"Android 8.1.0 Redmi Note 5 sdm636 Xiaomi"
1649,0,0,0,"Android 8.0.0 ANE-LX1 ANE HUAWEI"
1650,13,11,2,"iOS 12.2 iPhone iPhone11,2 Apple"
1651,20,13,7,"Android 9 SM-A750FN universal7885 samsung"
1652,24,0,24,"iOS 12.2 iPhone SE iPhone8,4 Apple"
1653,3,3,0,"iOS 12.2 iPhone SE iPhone8,4 Apple"
1654,0,0,0,"iOS 12.2 iPhone 8 Plus iPhone10,5 Apple"
1655,21,14,7,"Android 9 SM-A750FN universal7885 samsung"
1656,0,0,0,NULL
1657,1,1,0,"Android 7.0 FRD-L09 FRD HUAWEI"
1658,0,0,0,NULL
1659,138,135,3,"Android 6.0 DIG-L01 DIG-L01 HUAWEI"
1660,2,0,2,NULL
1661,0,0,0,NULL
1662,0,0,0,"iOS 12.1.2 iPhone SE iPhone8,4 Apple"
1663,16,13,3,"Android 8.0.0 WAS-LX1A hi6250 HUAWEI"
1664,0,0,0,NULL
1665,24,22,2,"Android 7.0 HUAWEI VNS-L31 hi6250 HUAWEI"
1666,3,1,2,"Android 8.1.0 SM-J710F universal7870 samsung"
1667,118,113,5,"iOS 12.2 iPhone SE iPhone8,4 Apple"
1668,0,0,0,NULL
1669,0,0,0,NULL
1670,1,0,1,"Android 9 CLT-L09 CLT HUAWEI"
1671,0,0,0,"Android 7.0 HUAWEI VNS-L31 hi6250 HUAWEI"
1672,0,0,0,NULL
1673,0,0,0,"Android 7.0 HUAWEI VNS-L31 hi6250 HUAWEI"
1674,0,0,0,NULL
1675,0,0,0,"iOS 12.2 iPhone 6 iPhone7,2 Apple"
1676,23,22,1,"Android 8.0.0 SM-G930F universal8890 samsung"
1678,11,11,0,"Android 8.0.0 ANE-LX1 ANE HUAWEI"
1679,0,0,0,NULL
1680,0,0,0,NULL
1681,0,0,0,NULL
1682,0,0,0,NULL
1683,1,0,1,"Android 8.0.0 LG-H870 msm8996 LGE"
1684,0,0,0,"Android 8.1.0 SM-J710MN universal7870 samsung"
1685,0,0,0,"iOS 12.2 iPhone 8 iPhone10,1 Apple"
1686,3,2,1,"Android 5.1.1 SM-J320FN SC9830I samsung"
1687,0,0,0,"Android 8.0.0 VTR-L09 VTR HUAWEI"
1688,0,0,0,NULL
1689,0,0,0,"Android 8.0.0 ATU-L21 ATU-L21 HUAWEI"
1690,0,0,0,"Android 7.0 SM-A510F universal7580 samsung"
1691,0,0,0,NULL
1692,1,1,0,NULL
1693,1,1,0,"iOS 12.3 iPhone SE iPhone8,4 Apple"
1694,0,0,0,NULL
1695,2,2,0,"Android 8.0.0 LLD-L31 LLD-L31A HUAWEI"
1696,0,0,0,"Android 7.1.1 LG-M700 msm8937_32 LGE"
1697,0,0,0,"Android 6.0.1 ASUS_A007 zb501kl asus"
1698,4,4,0,"iOS 12.2 iPhone 8 iPhone10,1 Apple"
1699,44,38,6,"Android 9 SM-A750FN universal7885 samsung"
1700,0,0,0,"Android 5.0 ASUS_Z00AD moorefield asus"
1701,2,2,0,"Android 8.0.0 RNE-L21 RNE HUAWEI"
1702,0,0,0,NULL
1703,0,0,0,"Android 6.0 PLK-L01 PLK-L01 HUAWEI"
1704,82,71,11,"Android 8.0.0 LM-G710 sdm845 LGE"
1705,0,0,0,"Android 9 SM-G965F universal9810 samsung"
1706,0,0,0,NULL
1707,1,0,1,"Android 8.0.0 WAS-LX1A hi6250 HUAWEI"
1708,0,0,0,NULL
1709,94,68,26,"Android 9 SM-A750FN universal7885 samsung"
1710,0,0,0,NULL
1711,2,1,1,"Android 5.0 ASUS_Z00AD moorefield asus"
1712,0,0,0,"Android 8.0.0 WAS-LX1A hi6250 HUAWEI"
1713,78,77,1,"iOS 12.2 iPhone 8 iPhone10,4 Apple"
1714,64,55,9,"Android 6.0 SUNNY2 v2510 WIKO"
1715,0,0,0,NULL
1716,0,0,0,"Android 9 CLT-L09 CLT HUAWEI"
1717,0,0,0,"Android 7.0 SLA-L02 QC_Reference_Phone HUAWEI"
1718,4,1,3,"Android 6.0 Lenovo A7010a48 unknown LENOVO"
1719,0,0,0,"iOS 12.2 iPhone 6s Plus iPhone8,2 Apple"
1720,1,1,0,"Android 8.0.0 ANE-LX1 ANE HUAWEI"
1721,1,0,1,"iOS 12.2 iPhone 8 iPhone10,1 Apple"
1722,1,0,1,"Android 8.0.0 ANE-LX1 ANE HUAWEI"
1723,37,35,2,"Android 8.0.0 PRA-LX1 hi6250 HUAWEI"
1724,0,0,0,"iOS 12.2 iPhone X iPhone10,6 Apple"
1725,4,3,1,"Android 8.0.0 LLD-L31 LLD-L31A HUAWEI"
1726,0,0,0,"iOS 12.2 iPhone 6 iPhone7,2 Apple"
1727,2,1,1,NULL
1728,15,13,2,"Android 8.0.0 ANE-LX1 ANE HUAWEI"
1729,0,0,0,"Android 9 SM-G965F universal9810 samsung"
1730,0,0,0,"Android 9 ONEPLUS A6013 sdm845 OnePlus"
1731,0,0,0,"Android 8.0.0 SM-A520F universal7880 samsung"
1732,0,0,0,"Android 9 POCOPHONE F1 sdm845 Xiaomi"
1733,5,4,1,"Android 7.0 ASUS_X008D MT6737 asus"
1734,0,0,0,NULL
1735,0,0,0,"Android 9 SM-G965F universal9810 samsung"
1736,6,6,0,"Android 8.0.0 WAS-LX1A hi6250 HUAWEI"
1737,2,1,1,"Android 8.1.0 SNE-LX1 SNE HUAWEI"
1738,11,11,0,"Android 7.0 HUAWEI VNS-L31 hi6250 HUAWEI"
1739,3,2,1,"iOS 12.2 iPhone 8 iPhone10,4 Apple"
1740,0,0,0,"Android 8.1.0 SNE-LX1 SNE HUAWEI"
1741,0,0,0,"Android 9 SM-G965F universal9810 samsung"
1742,0,0,0,"Android 9 moto g(6) plus sdm660 motorola"
1743,3,0,3,"Android 9 SM-G950F universal8895 samsung"
1744,2,0,2,"iOS 11.2.2 iPhone 5s iPhone6,2 Apple"
1745,0,0,0,"Android 8.0.0 SM-A320FL universal7870 samsung"
1746,0,0,0,"Android 9 Redmi Note 7 sdm660 Xiaomi"
1747,0,0,0,"Android 8.0.0 Moto Z2 Play msm8953 motorola"
1748,1,1,0,"Android 7.1.1 SM-J510FN MSM8916 samsung"
1749,0,0,0,"iOS 12.2 iPhone X iPhone10,6 Apple"
1750,0,0,0,NULL
1751,0,0,0,NULL
1752,0,0,0,NULL
1753,2,2,0,NULL
1754,0,0,0,NULL
1755,2,2,0,"iOS 12.2 iPhone 8 iPhone10,1 Apple"
1756,0,0,0,"Android 7.1.1 Robin MSM8992 Nextbit"
1757,3,1,2,"Android 7.0 HUAWEI VNS-L31 hi6250 HUAWEI"
1758,48,41,7,"Android 7.0 FRD-L09 FRD HUAWEI"
1759,0,0,0,NULL
1760,0,0,0,NULL
1761,0,0,0,"iOS 12.2 iPhone X iPhone10,6 Apple"
1762,0,0,0,NULL
1763,0,0,0,"iOS 12.2 iPhone 5s iPhone6,1 Apple"
1764,0,0,0,"Android 8.0.0 WAS-LX1A hi6250 HUAWEI"
1765,15,15,0,"Android 9 CLT-L29 CLT HUAWEI"
1766,22,18,4,"Android 8.0.0 SM-A520F universal7880 samsung"
1767,0,0,0,NULL
1768,2,2,0,"Android 5.0 ASUS_Z00AD moorefield asus"
1769,2,1,1,"iOS 12.2 iPhone 8 iPhone10,4 Apple"
1770,5,1,4,"Android 8.1.0 View2 Go p220bn WIKO"
1771,0,0,0,NULL
1772,0,0,0,"Android 8.0.0 WAS-LX1A hi6250 HUAWEI"
1773,23,16,7,"Android 8.0.0 SM-J600FN universal7870 samsung"
1774,0,0,0,"iOS 12.3.1 iPhone X iPhone10,6 Apple"
1775,57,57,0,"iOS 11.4.1 iPhone 6s iPhone8,1 Apple"
1776,0,0,0,NULL
1777,0,0,0,"Android 9 SM-G9650 sdm845 samsung"
1778,22,22,0,"iOS 12.3.1 iPhone 7 iPhone9,3 Apple"
1779,0,0,0,NULL
1780,0,0,0,"Android 8.0.0 VTR-L09 VTR HUAWEI"
1781,5,4,1,"Android 7.0 PRA-LX1 hi6250 HUAWEI"
1782,0,0,0,NULL
1783,0,0,0,NULL
1784,0,0,0,NULL
1785,1,0,1,"iOS 12.2 iPhone 8 Plus iPhone10,5 Apple"
1786,0,0,0,NULL
1787,8,6,2,"iOS 12.3 iPhone 6s iPhone8,1 Apple"
1788,0,0,0,NULL
1789,1,1,0,"iOS 12.2 iPhone 6 iPhone7,2 Apple"
1790,6,5,1,"Android 8.0.0 PRA-LX1 hi6250 HUAWEI"
1791,2,2,0,"iOS 12.2 iPhone 6s iPhone8,1 Apple"
1792,23,14,9,"Android 8.1.0 SM-J730F universal7870 samsung"
1793,0,0,0,"Android 7.0 BLL-L22 hi6250 HUAWEI"
1794,0,0,0,NULL
1795,0,0,0,NULL
1796,0,0,0,"Android 6.0.1 ASUS_Z00ED msm8916 asus"
1797,1,1,0,"iOS 12.2 iPhone 8 iPhone10,1 Apple"
1798,0,0,0,"iOS 12.1.4 iPhone 6s iPhone8,1 Apple"
1799,0,0,0,"iOS 12.2 iPhone 7 iPhone9,3 Apple"
1800,0,0,0,"iOS 12.2 iPhone 5s iPhone6,1 Apple"
1801,3,3,0,NULL
1802,0,0,0,NULL
1803,0,0,0,"Android 9 Mi A1 msm8953 Xiaomi"
1804,0,0,0,NULL
1805,0,0,0,"iOS 12.1.4 iPhone 8 iPhone10,4 Apple"
1806,0,0,0,"Android 7.0 EVA-L19 EVA-L19 HUAWEI"
1807,0,0,0,NULL
1808,2,2,0,"Android 6.0 M5 Note M5 Note Meizu"
1809,1,1,0,"Android 9 STF-L09 STF HUAWEI"
1810,5,2,3,"Android 7.1.1 SM-J510FN MSM8916 samsung"
1811,3,3,0,"iOS 12.2 iPhone iPhone11,2 Apple"
1812,0,0,0,NULL
1813,1,0,1,"Android 8.0.0 ANE-LX1 ANE HUAWEI"
1814,0,0,0,NULL
1815,2,2,0,"Android 9 BLA-L29 BLA HUAWEI"
1816,6,6,0,"Android 8.0.0 PRA-LX1 hi6250 HUAWEI"
1817,8,6,2,"Android 8.1.0 Redmi 6A unknown Xiaomi"
1818,99,93,6,"Android 8.0.0 ANE-LX1 ANE HUAWEI"
1819,0,0,0,"Android 8.1.0 SM-J530G universal7870 samsung"
1820,0,0,0,NULL
1821,71,58,13,"Android 7.0 SM-G920F universal7420 samsung"
1822,1,1,0,"iOS 12.2 iPhone 8 iPhone10,1 Apple"
1823,7,7,0,"Android 7.0 Lenovo P2a42 msm8953 LENOVO"
1824,0,0,0,NULL
1825,0,0,0,"iOS 12.3 iPhone 7 iPhone9,3 Apple"
1826,0,0,0,NULL
1827,0,0,0,"Android 8.0.0 WAS-LX1 hi6250 HUAWEI"
1828,0,0,0,NULL
1829,14,5,9,"Android 9 SM-G965F universal9810 samsung"
1830,0,0,0,"Android 8.0.0 WAS-LX1A hi6250 HUAWEI"
1831,0,0,0,"Android 8.0.0 VKY-L09 VKY HUAWEI"
1832,2,1,1,"Android 8.1.0 SM-J530G universal7870 samsung"
1833,1,1,0,NULL
1834,0,0,0,NULL
1835,7,5,2,"Android 8.1.0 SNE-LX1 SNE HUAWEI"
1836,0,0,0,"Android 5.1.1 HUAWEI CRR-L09 CRR-L09 HUAWEI"
1837,0,0,0,"iOS 12.2 iPhone 8 iPhone10,1 Apple"
1838,0,0,0,"iOS 12.2 iPhone 5s iPhone6,2 Apple"
1839,0,0,0,NULL
1840,1,0,1,"iOS 12.1.2 iPhone SE iPhone8,4 Apple"
1841,35,26,9,"Android 7.0 HUAWEI VNS-L31 hi6250 HUAWEI"
1842,0,0,0,NULL
1843,0,0,0,NULL
1844,0,0,0,NULL
1845,0,0,0,NULL
1846,0,0,0,"iOS 11.4.1 iPhone 6 iPhone7,2 Apple"
1847,23,18,5,"Android 9 SM-G960F universal9810 samsung"
1848,0,0,0,"iOS 12.2 iPhone 8 iPhone10,1 Apple"
1849,27,22,5,"Android 8.0.0 MI 6 msm8998 Xiaomi"
1850,4,4,0,"Android 8.0.0 ANE-LX1 ANE HUAWEI"
1851,0,0,0,NULL
1852,4,3,1,"Android 5.1.1 SM-J320FN SC9830I samsung"
1853,1,0,1,"Android 7.0 HARRY unknown WIKO"
1854,5,4,1,"Android 6.0 Quantum MUV PRO mt6753 Quantum"
1855,0,0,0,NULL
1856,0,0,0,NULL
1857,0,0,0,NULL
1858,0,0,0,"iOS 12.0.1 iPhone 8 iPhone10,4 Apple"
1859,1,0,1,NULL
1860,0,0,0,NULL
1861,22,22,0,"iOS 12.3 iPhone SE iPhone8,4 Apple"
1862,0,0,0,NULL
1863,3,2,1,"Android 8.0.0 SM-A520F universal7880 samsung"
1864,0,0,0,NULL
1865,0,0,0,"iOS 12.0.1 iPhone 8 Plus iPhone10,5 Apple"
1866,0,0,0,"Android 9 SM-G950F universal8895 samsung"
1867,0,0,0,"Android 6.0.1 SM-G903F universal7580 samsung"
1868,2,2,0,"iOS 11.4.1 iPhone 6 iPhone7,2 Apple"
1869,0,0,0,"Android 8.1.0 SNE-LX1 SNE HUAWEI"
1870,0,0,0,NULL
1871,0,0,0,NULL
1872,1,1,0,NULL
1873,0,0,0,NULL
1874,2,1,1,"iOS 12.2 iPhone 6 iPhone7,2 Apple"
1875,0,0,0,"Android 6.0.1 SM-G900F MSM8974 samsung"
1876,3,3,0,"Android 6.0 MYA-L11 MYA-L11 HUAWEI"
1877,3,3,0,"Android 8.0.0 SM-A600FN universal7870 samsung"
1878,0,0,0,NULL
1879,0,0,0,"iOS 12.3 iPhone X iPhone10,6 Apple"
1880,0,0,0,"Android 6.0 HUAWEI VNS-L31 VNS-L31 HUAWEI"
1881,30,30,0,"iOS 12.3 iPhone 7 iPhone9,3 Apple"
1882,0,0,0,NULL
1883,0,0,0,"Android 8.0.0 G3112 unknown Sony"
1884,1,0,1,NULL
1885,0,0,0,NULL
1886,0,0,0,NULL
1887,2,2,0,"Android 9 COL-L29 COL HUAWEI"
1888,0,0,0,"iOS 12.2 iPhone 7 iPhone9,3 Apple"
1889,0,0,0,"iOS 12.3 iPhone iPhone11,6 Apple"
1890,0,0,0,"Android 8.1.0 LM-Q610.FGN mt6755 LGE"
1891,0,0,0,"Android 9 CLT-L29 CLT HUAWEI"
1892,0,0,0,NULL
1893,0,0,0,"Android 9 EML-L29 EML HUAWEI"
1894,0,0,0,"Android 9 LON-L29 LON HUAWEI"
1895,0,0,0,"Android 8.0.0 ONEPLUS A3003 msm8996 OnePlus"
1896,0,0,0,"Android 8.0.0 ANE-LX1 ANE HUAWEI"
1897,0,0,0,"Android 9 Nokia 5.1 Plus mt6771 HMD Global"
1898,0,0,0,NULL
1899,4,3,1,"Android 8.0.0 ANE-LX1 ANE HUAWEI"
1900,0,0,0,"Android 7.0 SM-G925F universal7420 samsung"
1901,0,0,0,"Android 9 VOG-L29 VOG HUAWEI"
1902,3,1,2,"Android 5.1 HUAWEI TAG-L01 TAG-L01 HUAWEI"
1903,0,0,0,"Android 9 Mi A2 Lite msm8953 Xiaomi"
1904,4,4,0,"Android 8.0.0 SM-G965F universal9810 samsung"
1905,0,0,0,"iOS 12.2 iPhone 6s iPhone8,1 Apple"
1906,0,0,0,"Android 8.1.0 ONEPLUS A5010 msm8998 OnePlus"
1907,0,0,0,"Android 8.0.0 LLD-L31 LLD-L31A HUAWEI"
1908,0,0,0,"Android 9 SM-G965F universal9810 samsung"
1909,2,2,0,"Android 9 GM1913 msmnile OnePlus"
1910,1,0,1,"Android 8.0.0 SM-G935F universal8890 samsung"
1911,0,0,0,"Android 8.0.0 FIG-LX1 FIG-L31 HUAWEI"
1912,1,0,1,"Android 9 SM-A605FN msm8953 samsung"
1913,6,6,0,"iOS 12.1 iPhone 7 iPhone9,3 Apple"
1914,0,0,0,"Android 8.0.0 AUM-L29 AUM-L29 HUAWEI"
1915,0,0,0,"Android 7.0 HUAWEI VNS-L31 hi6250 HUAWEI"
1916,0,0,0,NULL
1917,19,18,1,"iOS 12.1.2 iPhone 8 iPhone10,4 Apple"
1918,3,2,1,"iOS 12.2 iPhone 8 Plus iPhone10,5 Apple"
1919,1,1,0,"Android 9 SM-G955F universal8895 samsung"
1920,0,0,0,"Android 8.0.0 SM-G930F universal8890 samsung"
1921,0,0,0,NULL
1922,0,0,0,"Android 9 SM-A405FN universal7885 samsung"
1923,2,2,0,"iOS 12.2 iPhone 8 Plus iPhone10,5 Apple"
1924,0,0,0,NULL
1925,0,0,0,NULL
1926,0,0,0,"iOS 12.2 iPhone 8 iPhone10,4 Apple"
1927,1,1,0,NULL
1928,5,4,1,"Android 9 ELE-L29 ELE HUAWEI"
1929,1,1,0,"iOS 12.3 iPhone 8 iPhone10,4 Apple"
1930,22,21,1,"iOS 12.2 iPhone 7 iPhone9,3 Apple"
1931,0,0,0,NULL
1932,0,0,0,NULL
1933,0,0,0,"iOS 12.2 iPhone iPhone11,2 Apple"
1934,0,0,0,NULL
1935,0,0,0,NULL
1936,0,0,0,"Android 8.1.0 SM-T585 universal7870 samsung"
1937,0,0,0,"Android 9 VKY-L09 VKY HUAWEI"
1938,0,0,0,"Android 8.0.0 PRA-LX1 hi6250 HUAWEI"
1939,8,6,2,"Android 7.0 RNE-L21 RNE HUAWEI"
1940,0,0,0,"iOS 12.2 iPhone 8 iPhone10,4 Apple"
1941,0,0,0,NULL
1942,60,56,4,"Android 8.0.0 ANE-LX1 ANE HUAWEI"
1943,0,0,0,"iOS 12.1.4 iPhone 7 iPhone9,3 Apple"
1944,91,90,1,"Android 8.0.0 WAS-LX1A hi6250 HUAWEI"
1945,0,0,0,NULL
1946,0,0,0,NULL
1947,0,0,0,NULL
1948,30,30,0,"iOS 12.3.1 iPhone X iPhone10,6 Apple"
1949,0,0,0,"iOS 12.2 iPhone 6 iPhone7,2 Apple"
1950,0,0,0,NULL
1951,0,0,0,"iOS 12.2 iPhone 8 Plus iPhone10,5 Apple"
1952,0,0,0,NULL
1953,0,0,0,"iOS 12.2 iPhone 7 Plus iPhone9,4 Apple"
1954,30,28,2,"Android 5.0.2 Redmi Note 2 unknown Xiaomi"
1955,0,0,0,NULL
1956,51,48,3,"Android 7.0 SLA-L02 QC_Reference_Phone HUAWEI"
1957,15,10,5,"Android 8.0.0 FRD-L09 FRD HUAWEI"
1958,0,0,0,NULL
1959,0,0,0,NULL
1960,2,2,0,"iOS 12.1.2 iPhone X iPhone10,6 Apple"
1961,0,0,0,NULL
1962,0,0,0,"iOS 12.3.1 iPhone 6 iPhone7,2 Apple"
1963,0,0,0,NULL
1964,0,0,0,NULL
1965,0,0,0,"iOS 12.1.4 iPhone 6 iPhone7,2 Apple"
1966,0,0,0,"iOS 12.2 iPhone 8 Plus iPhone10,5 Apple"
1967,148,131,17,"Android 9 MI 8 Lite sdm660 Xiaomi"
1968,17,13,4,"Android 9 EML-L09 EML HUAWEI"
1969,0,0,0,"iOS 12.1 iPhone X iPhone10,6 Apple"
1970,0,0,0,NULL
1971,2,2,0,"Android 9 Mi A1 msm8953 Xiaomi"
1972,0,0,0,"Android 8.0.0 ANE-LX1 ANE HUAWEI"
1973,0,0,0,NULL
1974,0,0,0,"iOS 12.2 iPhone 7 iPhone9,3 Apple"
1975,97,89,8,"Android 8.0.0 FIG-LX1 FIG-L11 HUAWEI"
1976,0,0,0,"iOS 12.2 iPhone 7 iPhone9,3 Apple"
1977,0,0,0,"Android 8.0.0 ASUS_Z017D msm8953 asus"
1978,1,0,1,"Android 7.0 SM-A510F universal7580 samsung"
1979,0,0,0,NULL
1980,71,64,7,"Android 7.0 HUAWEI VNS-L31 hi6250 HUAWEI"
1981,36,35,1,"Android 8.0.0 RNE-L21 RNE HUAWEI"
1982,0,0,0,NULL
1983,2,2,0,"iOS 12.2 iPhone 7 iPhone9,3 Apple"
1984,97,89,8,"Android 8.0.0 ANE-LX1 ANE HUAWEI"
1985,0,0,0,NULL
1986,0,0,0,"Android 8.0.0 H3113 sdm660 Sony"
1987,2,2,0,"Android 6.0 LG-K430 mt6735 LGE"
1988,0,0,0,NULL
1989,8,6,2,"Android 8.0.0 ANE-LX1 ANE HUAWEI"
1990,1,0,1,"Android 6.0 HUAWEI VNS-L31 VNS-L31 HUAWEI"
1991,0,0,0,NULL
1992,0,0,0,"Android 9 ONEPLUS A6003 sdm845 OnePlus"
1993,0,0,0,NULL
1994,0,0,0,NULL
1995,0,0,0,"Android 8.0.0 LLD-L31 LLD-L31A HUAWEI"
1996,3,3,0,"iOS 12.3.1 iPhone 8 iPhone10,1 Apple"
1997,0,0,0,"Android 8.1.0 Moto G (5) Plus msm8953 motorola"
1998,2,1,1,"iOS 12.2 iPhone 7 iPhone9,1 Apple"
1999,0,0,0,"Android 9 CLT-L09 CLT HUAWEI"
2000,0,0,0,"iOS 12.2 iPhone 8 iPhone10,4 Apple"
2001,0,0,0,"iOS 12.3.1 iPhone 6s iPhone8,1 Apple"
2002,0,0,0,"Android 6.0 HUAWEI GRA-L09 GRA-L09 HUAWEI"
2003,1,1,0,"iOS 12.2 iPhone 7 Plus iPhone9,4 Apple"
2004,0,0,0,NULL
2005,0,0,0,NULL
2006,0,0,0,NULL
2007,52,43,9,"iOS 12.2 iPhone SE iPhone8,4 Apple"
2009,0,0,0,"iOS 12.1.4 iPhone iPhone11,2 Apple"
2010,0,0,0,"Android 9 MI MAX 3 sdm660 Xiaomi"
2011,10,10,0,"iOS 12.3.1 iPhone 8 iPhone10,4 Apple"
2012,38,34,4,"Android 9 ONEPLUS A5000 msm8998 OnePlus"
2013,0,0,0,"Android 8.1.0 Moto G (5S) msm8937 motorola"
2014,2,1,1,"Android 7.1.1 TOMMY2 T3931AC WIKO"
2015,1,1,0,"Android 5.1 LENNY2 s5030 WIKO"
2017,0,0,0,NULL
2018,5,4,1,"iOS 12.2 iPhone 5s iPhone6,2 Apple"
2019,0,0,0,NULL
2020,2,1,1,"Android 8.1.0 Redmi Note 5 sdm636 Xiaomi"
2021,0,0,0,"Android 8.0.0 SM-A520F universal7880 samsung"
2022,0,0,0,"Android 9 CLT-L29 CLT HUAWEI"
2023,43,35,8,"Android 6.0.1 SM-A500FU MSM8916 samsung"
2024,9,9,0,"iOS 12.2 iPhone 8 Plus iPhone10,5 Apple"
2025,0,0,0,NULL
2026,0,0,0,NULL
2027,0,0,0,"Android 9 Mi MIX 2S sdm845 Xiaomi"
2028,4,4,0,"iOS 12.3.1 iPhone SE iPhone8,4 Apple"
2029,1,1,0,"iOS 12.2 iPhone X iPhone10,6 Apple"
2030,0,0,0,"Android 8.0.0 SM-A520F universal7880 samsung"
2031,9,9,0,"iOS 12.3.1 iPhone 8 iPhone10,1 Apple"
2032,6,6,0,"iOS 12.3.1 iPhone 8 iPhone10,1 Apple"
2033,10,10,0,"iOS 12.3.1 iPhone 8 iPhone10,1 Apple"
2034,31,30,1,"Android 9 VTR-L29 VTR HUAWEI"
2035,4,4,0,"Android 9 COR-L29 COR HUAWEI"
2036,2,2,0,NULL
2037,4,4,0,"iOS 12.4 iPhone iPhone11,2 Apple"
2038,0,0,0,"Android 5.0.1 ALE-L21 BalongV8R1SFT HUAWEI"
2039,2,1,1,"Android 8.0.0 ANE-LX1 ANE HUAWEI"
2040,20,20,0,"Android 9 SM-G950F universal8895 samsung"
2041,0,0,0,NULL
2042,2,2,0,NULL
2043,3,1,2,"iOS 12.2 iPhone 7 iPhone9,3 Apple"
2044,18,18,0,"iOS 12.3.1 iPhone iPhone11,8 Apple"
2045,0,0,0,NULL
2046,6,6,0,"iOS 12.3.1 iPhone 6 iPhone7,2 Apple"
2047,0,0,0,"Android 8.0.0 FRD-L09 FRD HUAWEI"
2048,3,3,0,"iOS 12.2 iPhone iPhone11,6 Apple"
2049,2,2,0,"Android 7.1.1 SM-J510FN MSM8916 samsung"
2050,3,3,0,"Android 8.1.0 Redmi 6 unknown Xiaomi"
2051,0,0,0,"Android 9 Redmi Note 6 Pro sdm636 Xiaomi"
2052,0,0,0,NULL
2053,3,0,3,"Android 8.1.0 Moto G (5) msm8937 motorola"
2054,0,0,0,"Android 9 COL-L29 COL HUAWEI"
2055,0,0,0,NULL
2056,0,0,0,NULL
2057,0,0,0,NULL
2058,0,0,0,"Android 8.0.0 FIG-LX1 FIG-L11 HUAWEI"
2059,0,0,0,"Android 6.0.1 SM-J500FN MSM8916 samsung"
2060,0,0,0,NULL
2061,0,0,0,"Android 9 Mi A2 Lite msm8953 Xiaomi"
2062,13,3,10,"Android 6.0 XT1068 MSM8226 motorola"
2063,0,0,0,NULL
2064,0,0,0,NULL
2065,0,0,0,"iOS 12.3.1 iPhone 8 iPhone10,4 Apple"
2066,0,0,0,NULL
2067,0,0,0,"Android 9 moto g(6) play msm8937 motorola"
2068,1,0,1,"Android 9 Redmi Note 6 Pro sdm636 Xiaomi"
2069,0,0,0,NULL
2070,4,1,3,"Android 5.1.1 HUAWEI G7-L01 G7-L01 HUAWEI"
2071,2,1,1,NULL
2072,10,10,0,"iOS 12.2 iPhone SE iPhone8,4 Apple"
2073,1,1,0,"Android 8.1.0 Nexus 5X bullhead LGE"
2074,0,0,0,"Android 6.0.1 SM-A500FU MSM8916 samsung"
2075,0,0,0,"Android 8.1.0 Nexus 5X bullhead LGE"
2076,0,0,0,NULL
2077,1,1,0,"Android 9 VOG-L29 VOG HUAWEI"
2078,27,25,2,"Android 6.0 M5 Note M5 Note Meizu"
2079,7,5,2,"iOS 12.3.1 iPhone 8 iPhone10,1 Apple"
2080,0,0,0,"Android 7.0 HUAWEI VNS-L31 hi6250 HUAWEI"
2081,11,11,0,"iOS 12.4 iPhone iPhone11,2 Apple"
2082,0,0,0,"Android 8.0.0 RNE-L01 RNE HUAWEI"
2084,0,0,0,"Android 7.0 HUAWEI CAN-L11 CAN-L11 HUAWEI"
2085,2,0,2,"Android 8.0.0 SM-J400M universal7570 samsung"
2086,0,0,0,"iOS 12.3.1 iPhone 6s iPhone8,1 Apple"
2087,0,0,0,"Android 7.1.2 Redmi 4X QC_Reference_Phone Xiaomi"
2088,14,13,1,"Android 7.1.2 Aquaris X5 msm8916 bq"
2089,0,0,0,"Android 7.0 BV8000Pro BV8000Pro Blackview"
2090,0,0,0,"iOS 12.3.1 iPhone 7 Plus iPhone9,4 Apple"
2091,61,57,4,"iOS 12.3.1 iPhone 7 iPhone9,3 Apple"
2092,0,0,0,"Android 8.1.0 SM-J530G universal7870 samsung"
2093,4,2,2,"Android 9 EML-L29 EML HUAWEI"
2094,0,0,0,NULL
2095,0,0,0,"Android 8.0.0 LLD-L31 LLD-L31A HUAWEI"
2096,0,0,0,"iOS 12.3.1 iPhone X iPhone10,6 Apple"
2097,0,0,0,"Android 8.0.0 ONEPLUS A3003 msm8996 OnePlus"
2098,0,0,0,"Android 9 Mi A2 sdm660 Xiaomi"
2099,0,0,0,"Android 8.1.0 Moto G (5S) msm8937 motorola"
2100,10,5,5,"Android 7.0 Lenovo K33b36 S82937DA1 LENOVO"
2101,0,0,0,NULL
2102,0,0,0,NULL
2103,0,0,0,NULL
2104,0,0,0,NULL
2105,0,0,0,NULL
2106,0,0,0,NULL
2107,0,0,0,"Android 8.1.0 Moto G (5) msm8937 motorola"
2108,0,0,0,NULL
2109,4,1,3,"Android 8.1.0 SM-J530G universal7870 samsung"
2110,3,3,0,"Android 8.0.0 SM-A520F universal7880 samsung"
2111,12,3,9,"Android 6.0 Lenovo A2016a40 A2016a40 LENOVO"
2112,0,0,0,NULL
2113,0,0,0,"iOS 12.2 iPhone 8 iPhone10,4 Apple"
2114,0,0,0,"iOS 12.1.4 iPhone 8 iPhone10,4 Apple"
2115,64,57,7,"Android 6.0 HUAWEI VNS-L31 VNS-L31 HUAWEI"
2116,1,0,1,"Android 9 Redmi Note 6 Pro sdm636 Xiaomi"
2117,3,3,0,"Android 8.0.0 ANE-LX1 ANE HUAWEI"
2118,2,0,2,"Android 8.1.0 moto e5 play msm8937 motorola"
2119,0,0,0,"iOS 11.3.1 iPhone 6s iPhone8,1 Apple"
2120,0,0,0,NULL
2121,11,5,6,"iOS 12.2 iPhone 7 iPhone9,3 Apple"
2122,0,0,0,NULL
2123,0,0,0,"Android 7.0 FRD-L09 FRD HUAWEI"
2124,0,0,0,"Android 7.1.1 Moto G (5S) msm8937 motorola"
2125,0,0,0,"iOS 11.4.1 iPhone 6 iPhone7,2 Apple"
2126,0,0,0,NULL
2127,7,6,1,"Android 5.1.1 SM-J320FN SC9830I samsung"
2128,11,7,4,"Android 8.1.0 SM-J730G universal7870 samsung"
2129,3,2,1,NULL
2130,0,0,0,"Android 7.0 Moto G (4) msm8952 motorola"
2131,6,6,0,"Android 6.0.1 Lenovo A6020l36 msm8916 LENOVO"
2132,0,0,0,"Android 5.1.1 SM-J120H SC7727SE samsung"
2133,1,0,1,NULL
2134,14,13,1,"Android 8.1.0 SM-J610FN msm8937 samsung"
2135,2,2,0,"Android 9 SM-G950F universal8895 samsung"
2136,0,0,0,NULL
2137,1,0,1,NULL
2138,0,0,0,NULL
2139,0,0,0,NULL
2140,0,0,0,NULL
2141,0,0,0,"Android 8.1.0 SM-J530G universal7870 samsung"
2142,0,0,0,NULL
2143,0,0,0,"iOS 12.3.1 iPhone 6 Plus iPhone7,1 Apple"
2144,5,5,0,"Android 8.1.0 Moto G (5) msm8937 motorola"
2145,2,1,1,"iOS 12.2 iPhone 6s iPhone8,1 Apple"
2146,0,0,0,"iOS 12.1.4 iPhone 6s iPhone8,1 Apple"
2147,0,0,0,"Android 9 SM-J415G msm8937 samsung"
2148,0,0,0,"Android 8.1.0 ASUS_X00LD msm8937 asus"
2149,0,0,0,NULL
2150,1,0,1,"iOS 12.2 iPhone 6s iPhone8,1 Apple"
2151,0,0,0,NULL
2152,0,0,0,"Android 8.1.0 SM-G610M universal7870 samsung"
2153,4,2,2,"Android 7.0 Moto C Plus MT6737 motorola"
2154,0,0,0,"Android 8.1.0 Moto G (5S) msm8937 motorola"
2155,0,0,0,NULL
2156,3,3,0,"iOS 12.2 iPhone 7 Plus iPhone9,4 Apple"
2157,7,7,0,"iOS 12.3.1 iPhone iPhone11,8 Apple"
2158,0,0,0,NULL
2159,2,1,1,"Android 7.1.1 SM-J510FN MSM8916 samsung"
2160,33,33,0,"Android 5.0 ASUS_Z00AD moorefield asus"
2161,0,0,0,"Android 7.0 Redmi Note 4 msm8953 Xiaomi"
2162,0,0,0,NULL
2163,24,22,2,"iOS 12.2 iPhone 7 iPhone9,3 Apple"
2164,4,3,1,"Android 9 SM-A205G universal7885 samsung"
2165,0,0,0,"Android 8.0.0 FIG-LX1 FIG-L31 HUAWEI"
2166,1,1,0,"Android 8.0.0 SM-G930F universal8890 samsung"
2168,0,0,0,NULL
2169,0,0,0,NULL
2170,0,0,0,NULL
2171,0,0,0,NULL
2172,3,0,3,"Android 9 moto g(6) msm8953 motorola"
2173,0,0,0,"Android 8.0.0 moto e5 msm8937 motorola"
2174,0,0,0,NULL
2176,0,0,0,NULL
2177,3,3,0,"iOS 12.3.1 iPhone 8 iPhone10,1 Apple"
2178,0,0,0,"iOS 12.3.1 iPhone 6s iPhone8,1 Apple"
2179,0,0,0,NULL
2180,0,0,0,NULL
2181,0,0,0,NULL
2182,0,0,0,"Android 7.0 Lenovo K33a42 S82938AA1 LENOVO"
2183,0,0,0,"Android 7.1.1 Moto E (4) unknown motorola"
2184,0,0,0,NULL
2185,0,0,0,"Android 8.0.0 ANE-LX1 ANE HUAWEI"
2186,1,1,0,"Android 7.0 SM-J710MN universal7870 samsung"
2187,0,0,0,NULL
2188,0,0,0,"Android 9 SM-J600GT universal7870 samsung"
2190,0,0,0,NULL
2191,0,0,0,NULL
2192,0,0,0,NULL
2193,0,0,0,NULL
2194,0,0,0,"Android 9 SM-G955F universal8895 samsung"
2195,0,0,0,NULL
2196,5,0,5,"Android 8.1.0 Moto G (5) msm8937 motorola"
2197,0,0,0,"Android 7.0 Moto G (4) msm8952 motorola"
2198,0,0,0,NULL
2199,0,0,0,NULL
2200,0,0,0,NULL
2201,0,0,0,"Android 6.0.1 Lenovo A6020l36 msm8916 LENOVO"
2202,0,0,0,NULL
2203,0,0,0,"Android 8.0.0 Moto Z2 Play msm8953 motorola"
2204,0,0,0,NULL
2205,0,0,0,"Android 8.0.0 Moto Z2 Play msm8953 motorola"
2206,0,0,0,NULL
2207,0,0,0,NULL
2208,0,0,0,"iOS 12.2 iPhone 7 iPhone9,3 Apple"
2209,0,0,0,NULL
2210,8,7,1,"Android 8.0.0 ANE-LX1 ANE HUAWEI"
2211,0,0,0,"Android 9 moto g(6) play msm8937 motorola"
2212,8,5,3,"Android 6.0.1 ONE E1003 unknown OnePlus"
2213,0,0,0,NULL
2214,0,0,0,NULL
2215,0,0,0,NULL
2216,2,0,2,"Android 9 moto g(6) plus sdm660 motorola"
2217,0,0,0,NULL
2218,0,0,0,NULL
2219,0,0,0,NULL
2220,0,0,0,"Android 6.0 M5c M5c meizu"
2221,0,0,0,NULL
2222,0,0,0,NULL
2223,0,0,0,NULL
2224,0,0,0,"Android 9 SM-J600GT universal7870 samsung"
2225,0,0,0,NULL
2226,6,5,1,"Android 8.0.0 SM-G930F universal8890 samsung"
2227,0,0,0,NULL
2228,4,4,0,"Android 8.0.0 ANE-LX1 ANE HUAWEI"
2229,0,0,0,NULL
2230,0,0,0,NULL
2231,0,0,0,NULL
2232,0,0,0,"iOS 12.3.1 iPhone 7 iPhone9,3 Apple"
2233,0,0,0,"Android 7.0 EVA-L09 EVA-L09 HUAWEI"
2234,0,0,0,NULL
2235,0,0,0,"Android 8.0.0 F5121 msm8952 Sony"
2236,0,0,0,NULL
2237,0,0,0,"Android 8.0.0 ONEPLUS A3003 msm8996 OnePlus"
2238,0,0,0,"iOS 12.2 iPhone X iPhone10,6 Apple"
2239,0,0,0,"Android 8.0.0 SM-G935F universal8890 samsung"
2240,4,2,2,NULL
2241,3,2,1,"iOS 12.3.1 iPhone 6s iPhone8,1 Apple"
2242,1,1,0,"Android 7.1.1 SM-J250F msm8937 samsung"
2243,0,0,0,NULL
2244,0,0,0,NULL
2245,0,0,0,NULL
2246,7,7,0,"iOS 12.3.1 iPhone 8 iPhone10,1 Apple"
2247,1,0,1,"Android 8.1.0 W-V600 unknown WIKO"
2248,0,0,0,NULL
2249,0,0,0,"Android 9 SM-G950W msm8998 samsung"
2250,0,0,0,NULL
2251,5,4,1,"Android 8.1.0 Moto G (5) msm8937 motorola"
2252,6,6,0,"Android 5.1.1 SM-G531H SC7730SE samsung"
2253,2,2,0,"Android 5.0.2 LG-D620 MSM8226 LGE"
2254,0,0,0,"Android 8.0.0 F5321 msm8952 Sony"
2255,0,0,0,NULL
2256,0,0,0,"Android 8.1.0 ONEPLUS A5000 msm8998 OnePlus"
2257,6,0,6,"Android 7.0 SM-A710M universal7580 samsung"
2258,0,0,0,NULL
2259,42,39,3,"Android 9 POCOPHONE F1 sdm845 Xiaomi"
2260,3,0,3,"Android 8.1.0 Redmi S2 ysl Xiaomi"
2261,0,0,0,NULL
2262,0,0,0,"Android 9 SM-G950F universal8895 samsung"
2263,0,0,0,"Android 8.1.0 SM-G610M universal7870 samsung"
2264,0,0,0,"Android 7.0 HTC One M9 msm8994 HTC"
2265,5,5,0,"Android 7.1.1 SM-J510FN MSM8916 samsung"
2266,2,2,0,"Android 9 TA-1012 MSM8998 HMD Global"
2267,0,0,0,NULL
2268,31,30,1,"Android 9 SM-G950F universal8895 samsung"
2269,24,18,6,"Android 7.1.1 Aquaris U QC_Reference_Phone bq"
2270,6,6,0,"Android 9 SM-N960F universal9810 samsung"
2271,0,0,0,NULL
2272,4,4,0,"iOS 12.3.1 iPhone iPhone11,2 Apple"
2273,0,0,0,"Android 7.0 SM-G920F universal7420 samsung"
2274,1,1,0,"Android 7.1.1 Moto G Play msm8916 motorola"
2275,2,1,1,"Android 7.0 BLN-L21 hi6250 HUAWEI"
2276,2,1,1,"Android 7.0 SM-G925F universal7420 samsung"
2277,0,0,0,NULL
2278,0,0,0,NULL
2279,2,1,1,"Android 6.0.1 SM-J710F universal7870 samsung"
2280,14,9,5,"Android 8.0.0 RNE-L21 RNE HUAWEI"
2281,0,0,0,"Android 9 SM-A600FN universal7870 samsung"
2282,0,0,0,"Android 8.1.0 SM-J710MN universal7870 samsung"
2283,0,0,0,"iOS 12.3.1 iPhone 7 iPhone9,3 Apple"
2284,1,0,1,"Android 8.0.0 ANE-LX1 ANE HUAWEI"
2285,0,0,0,NULL
2286,0,0,0,NULL
2287,2,2,0,"iOS 12.4 iPhone 7 iPhone9,3 Apple"
2288,1,0,1,"Android 6.0 LG-K430 mt6735 LGE"
2289,0,0,0,"Android 9 BLA-L29 BLA HUAWEI"
2290,0,0,0,NULL
2291,2,2,0,"iOS 12.3.1 iPhone 6s iPhone8,1 Apple"
2292,4,4,0,"Android 9 Mi A2 Lite msm8953 Xiaomi"
2293,2,1,1,"iOS 12.3.1 iPhone 7 iPhone9,3 Apple"
2294,0,0,0,"iOS 12.2 iPhone 6s iPhone8,1 Apple"
2295,0,0,0,NULL
2296,0,0,0,"Android 9 SM-G965F universal9810 samsung"
2297,0,0,0,NULL
2298,0,0,0,NULL
2299,5,5,0,"iOS 12.3.1 iPhone X iPhone10,6 Apple"
2300,12,12,0,"Android 8.1.0 Aquaris X Pro msm8953 bq"
2301,3,3,0,"Android 9 SM-G950F universal8895 samsung"
2302,0,0,0,"Android 9 HMA-L29 HMA HUAWEI"
2303,9,9,0,"Android 7.1.2 Aquaris M5 msm8916 bq"
2304,0,0,0,"Android 8.1.0 BV5500 E531 Blackview"
2305,2,2,0,"Android 8.0.0 ANE-LX1 ANE HUAWEI"
2306,1,1,0,NULL
2307,17,15,2,"Android 7.0 HUAWEI VNS-L31 hi6250 HUAWEI"
2308,0,0,0,NULL
2309,0,0,0,"iOS 12.3.1 iPhone X iPhone10,6 Apple"
2310,3,3,0,"Android 8.1.0 SNE-LX1 SNE HUAWEI"
2311,4,1,3,"Android 9 Mi A2 sdm660 Xiaomi"
2312,0,0,0,NULL
2313,0,0,0,NULL
2314,0,0,0,"Android 7.0 EVA-L09 EVA HUAWEI"
2315,0,0,0,NULL
2316,4,3,1,"iOS 12.3.1 iPhone iPhone11,2 Apple"
2317,2,2,0,"Android 8.0.0 SM-J330FN universal7570 samsung"
2318,0,0,0,"Android 9 SM-J610FN msm8937 samsung"
2319,0,0,0,"Android 9 SM-J600GT universal7870 samsung"
2320,5,5,0,"iOS 12.3.1 iPhone SE iPhone8,4 Apple"
2321,0,0,0,NULL
2322,0,0,0,NULL
2323,0,0,0,NULL
2324,0,0,0,"iOS 12.4 iPhone 7 iPhone9,1 Apple"
2325,0,0,0,"Android 7.0 HUAWEI VNS-L31 hi6250 HUAWEI"
2326,0,0,0,"Android 9 SM-G950F universal8895 samsung"
2327,2,2,0,"iOS 12.3.1 iPhone 8 iPhone10,4 Apple"
2328,5,5,0,"Android 9 Redmi Note 5 sdm636 Xiaomi"
2329,0,0,0,NULL
2330,2,0,2,"Android 8.0.0 SM-A520F universal7880 samsung"
2331,0,0,0,NULL
2332,0,0,0,"Android 6.0 LEX651 unknown LeMobile"
2333,3,3,0,"Android 7.1.1 WIM Lite p6901 WIKO"
2334,3,1,2,"Android 6.0.1 ZTE BLADE A512 MSM8917 ZTE"
2335,2,2,0,"iOS 12.3.1 iPhone 7 iPhone9,3 Apple"
2336,0,0,0,NULL
2337,0,0,0,NULL
2338,0,0,0,NULL
2339,1,1,0,"Android 8.0.0 WAS-LX1 hi6250 HUAWEI"
2340,1,0,1,"Android 9 moto g(6) plus sdm660 motorola"
2341,0,0,0,"Android 8.1.0 Moto G (5S) msm8937 motorola"
2342,2,2,0,"Android 8.1.0 ONEPLUS A5000 msm8998 OnePlus"
2343,0,0,0,"Android 7.0 HUAWEI VNS-L31 hi6250 HUAWEI"
2344,0,0,0,"Android 7.0 HUAWEI VNS-L31 hi6250 HUAWEI"
2345,0,0,0,NULL
2346,0,0,0,NULL